Aphid_10_frame_1.jpg,0.9578649401664734,10,11.086538741020172,1.0
Aphid_10_frame_10.jpg,0.9545694589614868,10,13.32325422127908,1.0
Aphid_10_frame_11.jpg,0.9487333297729492,10,13.16322686515323,1.0
Aphid_10_frame_12.jpg,0.9473045468330383,10,13.49989443394865,1.0
Aphid_10_frame_13.jpg,0.9550827741622925,9,12.595054970831207,1.0
Aphid_10_frame_14.jpg,0.9535980224609375,9,12.353941306288162,1.0
Aphid_10_frame_15.jpg,0.9508533477783203,10,12.234174273864275,1.0
Aphid_10_frame_16.jpg,0.9470317959785461,10,11.976813452208095,1.0
Aphid_10_frame_17.jpg,0.9391155242919922,10,12.892022736466823,1.0
Aphid_10_frame_18.jpg,0.9452710151672363,10,12.959694045396745,1.0
Aphid_10_frame_19.jpg,0.9490440487861633,10,12.765794814345732,1.0
Aphid_10_frame_2.jpg,0.9539921879768372,10,11.123977640413074,1.0
Aphid_10_frame_20.jpg,0.9377935528755188,10,12.739944383310526,1.0
Aphid_10_frame_21.jpg,0.9442262053489685,10,12.523859709762563,1.0
Aphid_10_frame_22.jpg,0.9497553706169128,10,13.36825923988358,1.0
Aphid_10_frame_23.jpg,0.9365308880805969,10,13.49324512834643,1.0
Aphid_10_frame_24.jpg,0.9479684829711914,9,12.212010739402425,0.9
Aphid_10_frame_25.jpg,0.9414723515510559,10,12.678451222726018,1.0
Aphid_10_frame_26.jpg,0.9397228360176086,10,12.491871056798853,1.0
Aphid_10_frame_3.jpg,0.9530270099639893,8,10.946792789018808,0.8888888888888888
Aphid_10_frame_4.jpg,0.9549329876899719,10,12.115476456685002,1.0
Aphid_10_frame_5.jpg,0.9602007269859314,9,11.042957060766398,1.0
Aphid_10_frame_6.jpg,0.9565979838371277,9,10.905116530192691,1.0
Aphid_10_frame_7.jpg,0.9463796019554138,10,11.929588170738512,1.0
Aphid_10_frame_8.jpg,0.9631516337394714,10,12.892778225282397,1.0
Aphid_10_frame_9.jpg,0.9556146860122681,10,11.96972100379337,1.0
Aphid_20_frame_1.jpg,0.960627019405365,20,11.92485857985937,1.0
Aphid_20_frame_10.jpg,0.9512550234794617,20,13.262027783541521,1.0
Aphid_20_frame_11.jpg,0.950748860836029,20,11.654897217767818,1.0
Aphid_20_frame_12.jpg,0.9455181360244751,20,12.663091116297371,1.0
Aphid_20_frame_13.jpg,0.9532448649406433,20,11.873298850408368,1.0
Aphid_20_frame_14.jpg,0.9521822333335876,20,11.8310392579262,1.0
Aphid_20_frame_15.jpg,0.946631908416748,20,11.882517896015083,1.0
Aphid_20_frame_16.jpg,0.937381386756897,20,12.05609164869327,1.0
Aphid_20_frame_17.jpg,0.9469770789146423,20,12.060463345457952,1.0
Aphid_20_frame_18.jpg,0.9523441195487976,20,12.002174935749501,1.0
Aphid_20_frame_19.jpg,0.9548311233520508,20,13.02969095065599,1.0
Aphid_20_frame_2.jpg,0.9585529565811157,17,12.920691338793615,1.0
Aphid_20_frame_20.jpg,0.9461566805839539,20,12.299333631523071,1.0
Aphid_20_frame_21.jpg,0.9473369717597961,20,11.966540834789745,1.0
Aphid_20_frame_22.jpg,0.9461626410484314,20,12.945857076218699,1.0
Aphid_20_frame_23.jpg,0.9486545920372009,20,13.339557626416914,1.0
Aphid_20_frame_24.jpg,0.9450706839561462,20,12.794744279551368,1.0
Aphid_20_frame_25.jpg,0.9448444247245789,20,12.56172134614026,1.0
Aphid_20_frame_26.jpg,0.9490481615066528,20,13.208035599141315,1.0
Aphid_20_frame_3.jpg,0.9478073120117188,20,12.620247145135316,1.0
Aphid_20_frame_4.jpg,0.9599968791007996,19,12.842134611910197,1.0
Aphid_20_frame_5.jpg,0.9578524231910706,15,13.028135187008253,1.0
Aphid_20_frame_6.jpg,0.9565126299858093,20,14.214107426999432,1.0
Aphid_20_frame_7.jpg,0.9550078511238098,20,13.273841519697537,1.0
Aphid_20_frame_8.jpg,0.9333309531211853,20,13.858531580574153,0.95
Aphid_20_frame_9.jpg,0.9576805233955383,20,12.74184369402203,1.0
Aphid_30_frame_1.jpg,0.9546622037887573,30,13.419198544709793,1.0
Aphid_30_frame_10.jpg,0.9428156018257141,29,13.332623639100937,1.0
Aphid_30_frame_11.jpg,0.9455340504646301,30,13.879261100707508,1.0
Aphid_30_frame_12.jpg,0.9391510486602783,30,14.584012840432074,1.0
Aphid_30_frame_13.jpg,0.9417594075202942,29,13.56724469377188,0.9666666666666667
Aphid_30_frame_14.jpg,0.9324292540550232,30,14.864092610030655,1.0
Aphid_30_frame_15.jpg,0.9355759024620056,29,14.635238189859544,0.9666666666666667
Aphid_30_frame_16.jpg,0.9218440651893616,29,14.558092358276902,0.9666666666666667
Aphid_30_frame_17.jpg,0.9446869492530823,29,14.607493477174792,0.9666666666666667
Aphid_30_frame_18.jpg,0.9235178828239441,30,13.92587614290103,1.0
Aphid_30_frame_19.jpg,0.9285368919372559,30,14.490733593981785,1.0
Aphid_30_frame_2.jpg,0.9524739384651184,28,14.583847602105084,1.0
Aphid_30_frame_20.jpg,0.9379034042358398,29,14.002391486335068,1.0
Aphid_30_frame_21.jpg,0.9152052998542786,29,14.552347772696123,1.0
Aphid_30_frame_22.jpg,0.9426605701446533,28,13.940738050366484,0.9655172413793104
Aphid_30_frame_23.jpg,0.9197574853897095,29,14.500236861263586,1.0
Aphid_30_frame_24.jpg,0.9320883750915527,28,14.593287253856957,0.9655172413793104
Aphid_30_frame_25.jpg,0.9356119632720947,28,14.698783192588769,0.9655172413793104
Aphid_30_frame_26.jpg,0.9297998547554016,28,15.063761589558212,0.9655172413793104
Aphid_30_frame_3.jpg,0.9542598128318787,29,14.91707388144957,1.0
Aphid_30_frame_4.jpg,0.9503785967826843,28,14.238438482400166,1.0
Aphid_30_frame_5.jpg,0.9537516236305237,28,14.140596045910277,1.0
Aphid_30_frame_6.jpg,0.9502660632133484,28,14.35458949588062,1.0
Aphid_30_frame_7.jpg,0.9368700385093689,29,14.640109819000106,0.9666666666666667
Aphid_30_frame_8.jpg,0.9503487348556519,29,14.64223153409221,0.9666666666666667
Aphid_30_frame_9.jpg,0.944495677947998,29,12.981257168644525,0.9666666666666667
Aphid_40_00_highspeed_frame_1.jpg,0.919296145439148,38,14.335044242939416,1.0
Aphid_40_00_highspeed_frame_10.jpg,0.9479246735572815,39,14.178091879317227,1.0
Aphid_40_00_highspeed_frame_11.jpg,0.9400991201400757,39,14.747540522882305,0.975
Aphid_40_00_highspeed_frame_12.jpg,0.9363531470298767,39,14.942512578143868,1.0
Aphid_40_00_highspeed_frame_13.jpg,0.9327874779701233,38,14.973145600413341,1.0
Aphid_40_00_highspeed_frame_14.jpg,0.931593120098114,39,14.92062986532783,1.0
Aphid_40_00_highspeed_frame_15.jpg,0.9437809586524963,39,15.072890379765965,1.0
Aphid_40_00_highspeed_frame_16.jpg,0.9302722215652466,39,15.366773690199846,1.0
Aphid_40_00_highspeed_frame_17.jpg,0.9291811585426331,39,15.821575346070816,1.0
Aphid_40_00_highspeed_frame_18.jpg,0.9420583844184875,39,15.9889945616198,1.0
Aphid_40_00_highspeed_frame_19.jpg,0.9320356249809265,39,16.145039058608347,1.0
Aphid_40_00_highspeed_frame_2.jpg,0.914821445941925,36,14.764930789605755,1.0
Aphid_40_00_highspeed_frame_20.jpg,0.9356521368026733,39,16.01536313703214,1.0
Aphid_40_00_highspeed_frame_21.jpg,0.9306626915931702,39,16.011158426584622,1.0
Aphid_40_00_highspeed_frame_22.jpg,0.9314364194869995,39,15.780456195872896,1.0
Aphid_40_00_highspeed_frame_23.jpg,0.9372835755348206,39,15.798234175392015,1.0
Aphid_40_00_highspeed_frame_24.jpg,0.9261182546615601,39,15.929174232936344,1.0
Aphid_40_00_highspeed_frame_25.jpg,0.9356825351715088,39,16.30524888458557,1.0
Aphid_40_00_highspeed_frame_26.jpg,0.9323318004608154,39,16.373274145325915,1.0
Aphid_40_00_highspeed_frame_3.jpg,0.9446493983268738,36,14.498715654917486,1.0
Aphid_40_00_highspeed_frame_4.jpg,0.9399430751800537,39,14.721048053431717,0.9743589743589743
Aphid_40_00_highspeed_frame_5.jpg,0.9162502884864807,33,14.368868339417977,0.9428571428571428
Aphid_40_00_highspeed_frame_6.jpg,0.9406497478485107,38,14.514497056356372,1.0
Aphid_40_00_highspeed_frame_7.jpg,0.9307830333709717,37,14.535021019283734,0.9487179487179487
Aphid_40_00_highspeed_frame_8.jpg,0.9424936771392822,31,13.35568215736684,0.96875
Aphid_40_00_highspeed_frame_9.jpg,0.931231677532196,40,13.885879678425242,1.0
Aphid_40_00_highspeed_halfsubmerged_frame_1.jpg,0.926874577999115,36,14.259970151044694,0.9473684210526315
Aphid_40_00_highspeed_halfsubmerged_frame_10.jpg,0.9375123381614685,35,13.753056834839125,0.9210526315789473
Aphid_40_00_highspeed_halfsubmerged_frame_11.jpg,0.9217891097068787,35,13.6747399835686,0.9210526315789473
Aphid_40_00_highspeed_halfsubmerged_frame_12.jpg,0.9355431795120239,35,14.007932152514503,0.9722222222222222
Aphid_40_00_highspeed_halfsubmerged_frame_13.jpg,0.8923725485801697,39,13.838067899482716,0.9512195121951219
Aphid_40_00_highspeed_halfsubmerged_frame_14.jpg,0.9307851791381836,29,14.272415698684423,0.7837837837837838
Aphid_40_00_highspeed_halfsubmerged_frame_15.jpg,0.9264912009239197,27,14.433099316913678,0.8181818181818182
Aphid_40_00_highspeed_halfsubmerged_frame_16.jpg,0.915289044380188,28,14.594525544192829,0.7567567567567568
Aphid_40_00_highspeed_halfsubmerged_frame_17.jpg,0.8894926309585571,28,15.069682105068432,0.7777777777777778
Aphid_40_00_highspeed_halfsubmerged_frame_18.jpg,0.9163283705711365,30,15.10394937880973,0.7894736842105263
Aphid_40_00_highspeed_halfsubmerged_frame_19.jpg,0.9147633910179138,30,15.197182448584297,0.7692307692307693
Aphid_40_00_highspeed_halfsubmerged_frame_2.jpg,0.9323060512542725,35,15.149339843144045,0.9210526315789473
Aphid_40_00_highspeed_halfsubmerged_frame_20.jpg,0.9230930805206299,30,15.304433893730948,0.7692307692307693
Aphid_40_00_highspeed_halfsubmerged_frame_21.jpg,0.9239835143089294,31,15.66537233017313,0.7948717948717948
Aphid_40_00_highspeed_halfsubmerged_frame_22.jpg,0.914168655872345,31,15.649046370132783,0.7692307692307693
Aphid_40_00_highspeed_halfsubmerged_frame_23.jpg,0.9199360013008118,30,15.846762178556089,0.7692307692307693
Aphid_40_00_highspeed_halfsubmerged_frame_24.jpg,0.9261111617088318,30,15.321373411592221,0.7692307692307693
Aphid_40_00_highspeed_halfsubmerged_frame_25.jpg,0.9163349866867065,31,15.374207884708566,0.7948717948717948
Aphid_40_00_highspeed_halfsubmerged_frame_26.jpg,0.9324558973312378,30,15.441413700894694,0.7692307692307693
Aphid_40_00_highspeed_halfsubmerged_frame_3.jpg,0.9446577429771423,34,14.1366841149595,0.9444444444444444
Aphid_40_00_highspeed_halfsubmerged_frame_4.jpg,0.9398728609085083,31,15.07391759025243,0.9393939393939394
Aphid_40_00_highspeed_halfsubmerged_frame_5.jpg,0.9290700554847717,36,13.806890002835358,0.972972972972973
Aphid_40_00_highspeed_halfsubmerged_frame_6.jpg,0.9289442300796509,33,13.474476967846845,0.8918918918918919
Aphid_40_00_highspeed_halfsubmerged_frame_7.jpg,0.9311362504959106,32,14.38247005734097,0.8648648648648649
Aphid_40_00_highspeed_halfsubmerged_frame_8.jpg,0.8965059518814087,32,14.080626583918415,0.9411764705882353
Aphid_40_00_highspeed_halfsubmerged_frame_9.jpg,0.9316177368164062,30,13.933443939149297,0.8108108108108109
Aphid_40_00_lowspeed_frame_1.jpg,0.9249855279922485,40,14.62141665310407,1.0
Aphid_40_00_lowspeed_frame_10.jpg,0.9263131022453308,38,15.113171217314541,0.9743589743589743
Aphid_40_00_lowspeed_frame_11.jpg,0.924864649772644,38,15.330167434182059,0.9743589743589743
Aphid_40_00_lowspeed_frame_12.jpg,0.9117637276649475,39,15.295771813508015,0.975
Aphid_40_00_lowspeed_frame_13.jpg,0.9231276512145996,38,15.595191291108577,1.0
Aphid_40_00_lowspeed_frame_14.jpg,0.9250891804695129,38,15.363289511165528,1.0
Aphid_40_00_lowspeed_frame_15.jpg,0.919324517250061,40,15.346669359156857,1.0
Aphid_40_00_lowspeed_frame_16.jpg,0.9235697388648987,39,15.764784731930147,1.0
Aphid_40_00_lowspeed_frame_17.jpg,0.9244163036346436,39,15.530792800385974,0.975
Aphid_40_00_lowspeed_frame_18.jpg,0.9210321307182312,40,16.20907630112504,1.0
Aphid_40_00_lowspeed_frame_19.jpg,0.9195539355278015,40,16.28376191097414,1.0
Aphid_40_00_lowspeed_frame_2.jpg,0.9246824383735657,38,15.983833583111219,1.0
Aphid_40_00_lowspeed_frame_20.jpg,0.9162592887878418,39,15.981204402857962,0.975
Aphid_40_00_lowspeed_frame_21.jpg,0.9166127443313599,40,15.831476161620648,1.0
Aphid_40_00_lowspeed_frame_22.jpg,0.9258325099945068,39,15.87503486541917,0.975
Aphid_40_00_lowspeed_frame_23.jpg,0.9028118252754211,40,16.35188982778462,1.0
Aphid_40_00_lowspeed_frame_24.jpg,0.8937000632286072,40,16.412159004564707,1.0
Aphid_40_00_lowspeed_frame_25.jpg,0.8981807827949524,40,16.4065668842778,1.0
Aphid_40_00_lowspeed_frame_26.jpg,0.9178572297096252,39,16.5268645382098,0.975
Aphid_40_00_lowspeed_frame_3.jpg,0.9243769645690918,39,15.847863165521384,0.975
Aphid_40_00_lowspeed_frame_4.jpg,0.9223904609680176,32,15.292519964356549,1.0
Aphid_40_00_lowspeed_frame_5.jpg,0.9302143454551697,40,15.092358968037704,1.0
Aphid_40_00_lowspeed_frame_6.jpg,0.925561785697937,39,14.78893752871791,1.0
Aphid_40_00_lowspeed_frame_7.jpg,0.9230149984359741,39,14.783309617655268,0.975
Aphid_40_00_lowspeed_frame_8.jpg,0.9261311888694763,38,14.712493255445606,1.0
Aphid_40_00_lowspeed_frame_9.jpg,0.928921639919281,40,14.729749785607881,1.0
Aphid_40_00_lowspeed_halfsubmerged_frame_1.jpg,0.9432933330535889,35,13.95217835523164,0.9722222222222222
Aphid_40_00_lowspeed_halfsubmerged_frame_10.jpg,0.9431964159011841,36,15.60242977799005,0.9473684210526315
Aphid_40_00_lowspeed_halfsubmerged_frame_11.jpg,0.9322940111160278,37,15.560607040200255,0.9736842105263158
Aphid_40_00_lowspeed_halfsubmerged_frame_12.jpg,0.9316336512565613,37,17.0522263788197,0.9487179487179487
Aphid_40_00_lowspeed_halfsubmerged_frame_13.jpg,0.9154865741729736,38,16.862868996297856,0.9743589743589743
Aphid_40_00_lowspeed_halfsubmerged_frame_14.jpg,0.9348692297935486,37,16.329128089898642,0.9487179487179487
Aphid_40_00_lowspeed_halfsubmerged_frame_15.jpg,0.9348109364509583,36,17.868322752419285,0.9473684210526315
Aphid_40_00_lowspeed_halfsubmerged_frame_16.jpg,0.9331834316253662,37,17.812906481030623,0.9487179487179487
Aphid_40_00_lowspeed_halfsubmerged_frame_17.jpg,0.9352066516876221,36,17.587242721483445,0.9473684210526315
Aphid_40_00_lowspeed_halfsubmerged_frame_18.jpg,0.9368073344230652,36,17.607265049938885,0.9473684210526315
Aphid_40_00_lowspeed_halfsubmerged_frame_19.jpg,0.9390990734100342,37,17.632280719474277,0.9487179487179487
Aphid_40_00_lowspeed_halfsubmerged_frame_2.jpg,0.9429391026496887,34,15.502870950417512,0.9714285714285714
Aphid_40_00_lowspeed_halfsubmerged_frame_20.jpg,0.9304936528205872,37,15.291137315384438,0.9487179487179487
Aphid_40_00_lowspeed_halfsubmerged_frame_21.jpg,0.9163033962249756,37,16.761824696864753,0.925
Aphid_40_00_lowspeed_halfsubmerged_frame_22.jpg,0.9273712635040283,37,15.390229305835383,0.9487179487179487
Aphid_40_00_lowspeed_halfsubmerged_frame_23.jpg,0.9264590740203857,37,16.618746944391052,0.9487179487179487
Aphid_40_00_lowspeed_halfsubmerged_frame_24.jpg,0.9182609915733337,36,16.112317168265474,0.9473684210526315
Aphid_40_00_lowspeed_halfsubmerged_frame_25.jpg,0.9176365733146667,37,15.783859628686185,0.9487179487179487
Aphid_40_00_lowspeed_halfsubmerged_frame_26.jpg,0.9224188923835754,37,16.80670391098444,0.9487179487179487
Aphid_40_00_lowspeed_halfsubmerged_frame_3.jpg,0.9348791837692261,32,15.365681415284165,0.9117647058823529
Aphid_40_00_lowspeed_halfsubmerged_frame_4.jpg,0.9407159090042114,35,15.481587617468223,0.9210526315789473
Aphid_40_00_lowspeed_halfsubmerged_frame_5.jpg,0.9477022886276245,34,15.033668918843807,0.8947368421052632
Aphid_40_00_lowspeed_halfsubmerged_frame_6.jpg,0.9385565519332886,27,13.822497245470355,0.9310344827586207
Aphid_40_00_lowspeed_halfsubmerged_frame_7.jpg,0.9469645619392395,36,14.531083172938889,0.972972972972973
Aphid_40_00_lowspeed_halfsubmerged_frame_8.jpg,0.9470708966255188,33,14.69610837507179,0.9428571428571428
Aphid_40_00_lowspeed_halfsubmerged_frame_9.jpg,0.9392628073692322,35,14.604885225566111,0.9722222222222222
Aphid_40_00_medspeed_frame_1.jpg,0.921437680721283,39,14.615363538983917,0.975
Aphid_40_00_medspeed_frame_10.jpg,0.9351426959037781,40,15.652507238641133,1.0
Aphid_40_00_medspeed_frame_11.jpg,0.9330310225486755,40,15.230163214743827,1.0
Aphid_40_00_medspeed_frame_12.jpg,0.9349713325500488,39,15.34304341253747,1.0
Aphid_40_00_medspeed_frame_13.jpg,0.9296724200248718,39,15.27413576451575,1.0
Aphid_40_00_medspeed_frame_14.jpg,0.927038848400116,40,15.196336541258214,1.0
Aphid_40_00_medspeed_frame_15.jpg,0.9123989939689636,38,15.178677681770793,1.0
Aphid_40_00_medspeed_frame_16.jpg,0.9238114953041077,39,15.289823101603382,0.975
Aphid_40_00_medspeed_frame_17.jpg,0.9337322115898132,40,16.009018330162533,1.0
Aphid_40_00_medspeed_frame_18.jpg,0.9326632618904114,39,15.943949744104978,0.975
Aphid_40_00_medspeed_frame_19.jpg,0.9345687627792358,39,15.164240774429777,1.0
Aphid_40_00_medspeed_frame_2.jpg,0.9291536808013916,35,14.240853865371381,0.9210526315789473
Aphid_40_00_medspeed_frame_20.jpg,0.9210714101791382,39,15.498852466158798,0.975
Aphid_40_00_medspeed_frame_21.jpg,0.93062424659729,39,15.474040600328177,0.975
Aphid_40_00_medspeed_frame_22.jpg,0.9129272699356079,40,15.606717566658627,1.0
Aphid_40_00_medspeed_frame_23.jpg,0.9295740723609924,39,15.813794572580175,0.975
Aphid_40_00_medspeed_frame_24.jpg,0.9213380217552185,39,16.37928565514946,0.975
Aphid_40_00_medspeed_frame_25.jpg,0.9249778389930725,39,16.597670996111574,0.975
Aphid_40_00_medspeed_frame_26.jpg,0.9258581399917603,39,16.90949891031939,0.975
Aphid_40_00_medspeed_frame_3.jpg,0.9294119477272034,33,14.52461900475546,0.9428571428571428
Aphid_40_00_medspeed_frame_4.jpg,0.9301988482475281,38,15.161358809836313,1.0
Aphid_40_00_medspeed_frame_5.jpg,0.9372636675834656,38,15.610538822410668,1.0
Aphid_40_00_medspeed_frame_6.jpg,0.9489091038703918,39,15.630350727716104,1.0
Aphid_40_00_medspeed_frame_7.jpg,0.9538715481758118,40,15.566401604618521,1.0
Aphid_40_00_medspeed_frame_8.jpg,0.9489573836326599,39,15.199358090397133,1.0
Aphid_40_00_medspeed_frame_9.jpg,0.9347755312919617,40,15.48062064124901,1.0
Aphid_40_00_medspeed_halfsubmerged_frame_1.jpg,0.9358648657798767,40,14.158741887888464,1.0
Aphid_40_00_medspeed_halfsubmerged_frame_10.jpg,0.9380833506584167,37,14.456862835736738,0.9487179487179487
Aphid_40_00_medspeed_halfsubmerged_frame_11.jpg,0.9343217015266418,33,14.339213512139983,0.8461538461538461
Aphid_40_00_medspeed_halfsubmerged_frame_12.jpg,0.9208206534385681,34,14.471749367716455,0.8
Aphid_40_00_medspeed_halfsubmerged_frame_13.jpg,0.9319092035293579,35,15.266912942466615,0.8974358974358975
Aphid_40_00_medspeed_halfsubmerged_frame_14.jpg,0.9049670696258545,38,14.860059170214091,0.8571428571428571
Aphid_40_00_medspeed_halfsubmerged_frame_15.jpg,0.9136450290679932,36,15.34847445223475,0.8292682926829268
Aphid_40_00_medspeed_halfsubmerged_frame_16.jpg,0.919363796710968,37,15.468231710774022,0.8536585365853658
Aphid_40_00_medspeed_halfsubmerged_frame_17.jpg,0.9164315462112427,37,15.40171543328779,0.8536585365853658
Aphid_40_00_medspeed_halfsubmerged_frame_18.jpg,0.9145092368125916,37,15.378834447557372,0.8536585365853658
Aphid_40_00_medspeed_halfsubmerged_frame_19.jpg,0.9287024736404419,36,15.51036215011797,0.875
Aphid_40_00_medspeed_halfsubmerged_frame_2.jpg,0.9379082918167114,39,15.543342543426679,0.975
Aphid_40_00_medspeed_halfsubmerged_frame_20.jpg,0.9063796997070312,37,15.34942682827984,0.8536585365853658
Aphid_40_00_medspeed_halfsubmerged_frame_21.jpg,0.9105088114738464,36,15.575617113821577,0.8292682926829268
Aphid_40_00_medspeed_halfsubmerged_frame_22.jpg,0.9254621863365173,36,16.11999922099903,0.875
Aphid_40_00_medspeed_halfsubmerged_frame_23.jpg,0.9108123779296875,37,15.810892302728906,0.9
Aphid_40_00_medspeed_halfsubmerged_frame_24.jpg,0.928192138671875,35,15.466306602446542,0.85
Aphid_40_00_medspeed_halfsubmerged_frame_25.jpg,0.9251278638839722,36,15.599179246406914,0.875
Aphid_40_00_medspeed_halfsubmerged_frame_26.jpg,0.912822425365448,37,15.646545071574577,0.9
Aphid_40_00_medspeed_halfsubmerged_frame_3.jpg,0.9348146915435791,35,13.872554337689111,0.9459459459459459
Aphid_40_00_medspeed_halfsubmerged_frame_4.jpg,0.9314320087432861,38,14.007240139511683,0.9743589743589743
Aphid_40_00_medspeed_halfsubmerged_frame_5.jpg,0.9341647028923035,36,14.571685479984698,1.0
Aphid_40_00_medspeed_halfsubmerged_frame_6.jpg,0.9330117702484131,33,14.202054297899576,0.9166666666666666
Aphid_40_00_medspeed_halfsubmerged_frame_7.jpg,0.9346306920051575,35,14.955386580509456,0.9210526315789473
Aphid_40_00_medspeed_halfsubmerged_frame_8.jpg,0.9400410056114197,36,14.584691136523789,0.972972972972973
Aphid_40_00_medspeed_halfsubmerged_frame_9.jpg,0.9395126700401306,36,14.414101288366098,0.9473684210526315
Aphid_40_01_lowspeed_frame_1.jpg,0.9448365569114685,39,15.2233532786265,1.0
Aphid_40_01_lowspeed_frame_10.jpg,0.9497573971748352,40,16.113129969067447,1.0
Aphid_40_01_lowspeed_frame_11.jpg,0.9355317950248718,40,16.22316349767407,1.0
Aphid_40_01_lowspeed_frame_12.jpg,0.9393945932388306,40,16.936162005509726,1.0
Aphid_40_01_lowspeed_frame_13.jpg,0.932461678981781,40,16.880217757155144,0.9512195121951219
Aphid_40_01_lowspeed_frame_14.jpg,0.9407331347465515,40,16.757202194452155,1.0
Aphid_40_01_lowspeed_frame_15.jpg,0.9348781704902649,40,16.819706421138694,1.0
Aphid_40_01_lowspeed_frame_16.jpg,0.9304143190383911,38,16.70696511783072,1.0
Aphid_40_01_lowspeed_frame_17.jpg,0.9337560534477234,38,16.875801608819952,1.0
Aphid_40_01_lowspeed_frame_18.jpg,0.932586669921875,38,16.72449533709467,1.0
Aphid_40_01_lowspeed_frame_19.jpg,0.9388112425804138,38,16.792389873781737,1.0
Aphid_40_01_lowspeed_frame_2.jpg,0.9378946423530579,36,16.614454067633226,0.972972972972973
Aphid_40_01_lowspeed_frame_20.jpg,0.9318673610687256,39,16.91147055892927,1.0
Aphid_40_01_lowspeed_frame_21.jpg,0.9362168908119202,39,16.808106526444348,0.975
Aphid_40_01_lowspeed_frame_22.jpg,0.9310173392295837,40,16.820862518134295,1.0
Aphid_40_01_lowspeed_frame_23.jpg,0.9295150637626648,40,17.078783017729343,1.0
Aphid_40_01_lowspeed_frame_24.jpg,0.9313616156578064,40,16.738584319185566,1.0
Aphid_40_01_lowspeed_frame_25.jpg,0.9297699332237244,40,16.76976022450442,1.0
Aphid_40_01_lowspeed_frame_26.jpg,0.9331275820732117,40,16.791064544798495,1.0
Aphid_40_01_lowspeed_frame_3.jpg,0.9247326254844666,40,15.024742915237967,1.0
Aphid_40_01_lowspeed_frame_4.jpg,0.947513997554779,39,15.828380078610234,1.0
Aphid_40_01_lowspeed_frame_5.jpg,0.9419536590576172,40,16.10114253070606,1.0
Aphid_40_01_lowspeed_frame_6.jpg,0.9433456659317017,40,16.487215729971616,1.0
Aphid_40_01_lowspeed_frame_7.jpg,0.9439181685447693,40,16.093985101510768,1.0
Aphid_40_01_lowspeed_frame_8.jpg,0.9432727098464966,35,16.07479803571264,1.0
Aphid_40_01_lowspeed_frame_9.jpg,0.9438765645027161,40,16.213835135765056,1.0
Aphid_40_01_lowspeed_halfsubmerged_frame_1.jpg,0.9364602565765381,32,13.981528260411036,0.8205128205128205
Aphid_40_01_lowspeed_halfsubmerged_frame_10.jpg,0.928265392780304,34,15.470456924183873,0.8461538461538461
Aphid_40_01_lowspeed_halfsubmerged_frame_11.jpg,0.9210902452468872,35,15.312641305923652,0.9459459459459459
Aphid_40_01_lowspeed_halfsubmerged_frame_12.jpg,0.9200320839881897,31,15.747647022158155,0.8378378378378378
Aphid_40_01_lowspeed_halfsubmerged_frame_13.jpg,0.9338058829307556,33,15.607976715593018,0.8918918918918919
Aphid_40_01_lowspeed_halfsubmerged_frame_14.jpg,0.9104363918304443,35,15.941503483679927,0.9210526315789473
Aphid_40_01_lowspeed_halfsubmerged_frame_15.jpg,0.9285485744476318,35,16.004402701822055,0.9210526315789473
Aphid_40_01_lowspeed_halfsubmerged_frame_16.jpg,0.9189816117286682,37,16.129233055404082,0.9487179487179487
Aphid_40_01_lowspeed_halfsubmerged_frame_17.jpg,0.9378655552864075,35,16.877648436336944,0.8292682926829268
Aphid_40_01_lowspeed_halfsubmerged_frame_18.jpg,0.9205294847488403,34,16.736722238399636,0.85
Aphid_40_01_lowspeed_halfsubmerged_frame_19.jpg,0.9295450448989868,37,16.933309348846606,0.8780487804878049
Aphid_40_01_lowspeed_halfsubmerged_frame_2.jpg,0.9278151392936707,30,12.578103112397374,0.9090909090909091
Aphid_40_01_lowspeed_halfsubmerged_frame_20.jpg,0.9303076267242432,36,16.818862764626246,0.875
Aphid_40_01_lowspeed_halfsubmerged_frame_21.jpg,0.9270673394203186,37,16.874038722848738,0.925
Aphid_40_01_lowspeed_halfsubmerged_frame_22.jpg,0.9266080856323242,35,16.7792511555773,0.8974358974358975
Aphid_40_01_lowspeed_halfsubmerged_frame_23.jpg,0.9406489729881287,35,16.718098378624088,0.9210526315789473
Aphid_40_01_lowspeed_halfsubmerged_frame_24.jpg,0.9388571381568909,35,16.735541379826618,0.9210526315789473
Aphid_40_01_lowspeed_halfsubmerged_frame_25.jpg,0.9352125525474548,36,16.893407550373496,0.9473684210526315
Aphid_40_01_lowspeed_halfsubmerged_frame_26.jpg,0.9369010925292969,36,16.974344254215428,0.9473684210526315
Aphid_40_01_lowspeed_halfsubmerged_frame_3.jpg,0.9249401092529297,32,14.606214087909319,0.8888888888888888
Aphid_40_01_lowspeed_halfsubmerged_frame_4.jpg,0.9276050925254822,34,14.886417146808833,0.918918918918919
Aphid_40_01_lowspeed_halfsubmerged_frame_5.jpg,0.9425205588340759,37,13.372067887178638,0.9487179487179487
Aphid_40_01_lowspeed_halfsubmerged_frame_6.jpg,0.9141455292701721,33,13.789181572440112,0.8918918918918919
Aphid_40_01_lowspeed_halfsubmerged_frame_7.jpg,0.9314422607421875,33,14.67065666527611,0.8918918918918919
Aphid_40_01_lowspeed_halfsubmerged_frame_8.jpg,0.9403452277183533,29,13.937900756113613,0.8529411764705882
Aphid_40_01_lowspeed_halfsubmerged_frame_9.jpg,0.9324093461036682,37,15.002691637539105,0.9487179487179487
Aphid_40_dd_lowspeed_frame_1.jpg,0.9032922387123108,39,13.286751222685913,1.0
Aphid_40_dd_lowspeed_frame_10.jpg,0.932192862033844,39,14.18607827928857,0.975
Aphid_40_dd_lowspeed_frame_11.jpg,0.9415276646614075,39,14.742629996578895,0.975
Aphid_40_dd_lowspeed_frame_12.jpg,0.9385989308357239,40,15.1585820738128,1.0
Aphid_40_dd_lowspeed_frame_13.jpg,0.9426972270011902,40,15.19691591345796,1.0
Aphid_40_dd_lowspeed_frame_14.jpg,0.9446955323219299,39,15.213140746424072,0.975
Aphid_40_dd_lowspeed_frame_15.jpg,0.9412212371826172,40,15.214717755945085,1.0
Aphid_40_dd_lowspeed_frame_16.jpg,0.9412693381309509,40,15.209839080228303,1.0
Aphid_40_dd_lowspeed_frame_2.jpg,0.9148804545402527,36,14.628822822563846,1.0
Aphid_40_dd_lowspeed_frame_3.jpg,0.92570561170578,36,14.660193746694329,0.9230769230769231
Aphid_40_dd_lowspeed_frame_4.jpg,0.9261900186538696,38,14.221698968252227,0.9736842105263158
Aphid_40_dd_lowspeed_frame_5.jpg,0.94284588098526,36,14.22982639718349,0.972972972972973
Aphid_40_dd_lowspeed_frame_6.jpg,0.939194917678833,38,14.551294773839517,0.95
Aphid_40_dd_lowspeed_frame_7.jpg,0.9429227113723755,38,14.65772770530175,0.9743589743589743
Aphid_40_dd_lowspeed_frame_8.jpg,0.9404619336128235,36,12.725012912767612,1.0
Aphid_40_dd_lowspeed_frame_9.jpg,0.9372944831848145,40,13.916879583512154,1.0
Aphid_40_dd_lowspeed_halfsubmerged_frame_1.jpg,0.9412266612052917,38,14.368149760446453,0.95
Aphid_40_dd_lowspeed_halfsubmerged_frame_10.jpg,0.9213951230049133,36,15.127830843195543,0.9230769230769231
Aphid_40_dd_lowspeed_halfsubmerged_frame_11.jpg,0.929596483707428,34,15.420243154471672,0.8717948717948718
Aphid_40_dd_lowspeed_halfsubmerged_frame_12.jpg,0.9277732968330383,35,15.658659326742015,0.875
Aphid_40_dd_lowspeed_halfsubmerged_frame_13.jpg,0.9390166997909546,34,15.951607522070827,0.85
Aphid_40_dd_lowspeed_halfsubmerged_frame_14.jpg,0.9471731781959534,35,16.135443311103547,0.875
Aphid_40_dd_lowspeed_halfsubmerged_frame_15.jpg,0.949527382850647,34,16.172596520600443,0.8717948717948718
Aphid_40_dd_lowspeed_halfsubmerged_frame_16.jpg,0.936412513256073,35,16.19480593024433,0.8974358974358975
Aphid_40_dd_lowspeed_halfsubmerged_frame_2.jpg,0.9379338622093201,38,15.5659942633216,0.95
Aphid_40_dd_lowspeed_halfsubmerged_frame_3.jpg,0.9351896643638611,29,14.11917341824452,0.9354838709677419
Aphid_40_dd_lowspeed_halfsubmerged_frame_4.jpg,0.9425933957099915,28,14.022260728958237,0.8484848484848485
Aphid_40_dd_lowspeed_halfsubmerged_frame_5.jpg,0.94026780128479,32,14.710979448328509,0.8888888888888888
Aphid_40_dd_lowspeed_halfsubmerged_frame_6.jpg,0.9539794325828552,30,14.133170493893667,0.9090909090909091
Aphid_40_dd_lowspeed_halfsubmerged_frame_7.jpg,0.9488604664802551,33,15.407923497926632,0.8918918918918919
Aphid_40_dd_lowspeed_halfsubmerged_frame_8.jpg,0.9265548586845398,30,13.558080307374807,0.9375
Aphid_40_dd_lowspeed_halfsubmerged_frame_9.jpg,0.9105018377304077,37,14.177989603348932,0.9736842105263158
Aphid_40_otherinsects_10_frame_1.jpg,0.9298406839370728,38,14.227163913835673,0.95
Aphid_40_otherinsects_10_frame_10.jpg,0.9306829571723938,39,14.556562803585901,0.975
Aphid_40_otherinsects_10_frame_11.jpg,0.9308988451957703,38,15.282758062748504,0.95
Aphid_40_otherinsects_10_frame_12.jpg,0.9087657332420349,39,14.768832283012998,0.975
Aphid_40_otherinsects_10_frame_13.jpg,0.9248607754707336,37,15.890075105138283,0.925
Aphid_40_otherinsects_10_frame_14.jpg,0.9366669654846191,37,15.272348109351663,0.925
Aphid_40_otherinsects_10_frame_15.jpg,0.919455349445343,36,14.977207647015303,0.9
Aphid_40_otherinsects_10_frame_16.jpg,0.9125732779502869,40,15.701444443636781,1.0
Aphid_40_otherinsects_10_frame_17.jpg,0.9298830032348633,37,15.727226092440796,0.925
Aphid_40_otherinsects_10_frame_18.jpg,0.9284389019012451,38,15.850030294032134,0.95
Aphid_40_otherinsects_10_frame_19.jpg,0.9182999134063721,37,15.279877954779847,0.8780487804878049
Aphid_40_otherinsects_10_frame_2.jpg,0.9199278950691223,33,15.26590452339143,0.8888888888888888
Aphid_40_otherinsects_10_frame_20.jpg,0.9180187582969666,35,15.451980849158991,0.875
Aphid_40_otherinsects_10_frame_21.jpg,0.9174091815948486,36,15.989993598360854,0.9
Aphid_40_otherinsects_10_frame_22.jpg,0.919460654258728,35,15.589092552933856,0.875
Aphid_40_otherinsects_10_frame_23.jpg,0.9228993654251099,38,15.7250058291505,0.95
Aphid_40_otherinsects_10_frame_24.jpg,0.8867051005363464,36,15.480978266207513,0.9
Aphid_40_otherinsects_10_frame_25.jpg,0.9105756878852844,37,15.624559763221399,0.925
Aphid_40_otherinsects_10_frame_26.jpg,0.9252225756645203,37,15.910228427257643,0.925
Aphid_40_otherinsects_10_frame_3.jpg,0.9330565929412842,37,15.547224230109842,0.9487179487179487
Aphid_40_otherinsects_10_frame_4.jpg,0.9281806349754333,39,15.655054072116412,0.9743589743589743
Aphid_40_otherinsects_10_frame_5.jpg,0.9280661344528198,33,14.61821174058721,1.0
Aphid_40_otherinsects_10_frame_6.jpg,0.9254040122032166,35,15.277760976793042,0.9210526315789473
Aphid_40_otherinsects_10_frame_7.jpg,0.9284151196479797,36,14.651253499767053,0.8974358974358975
Aphid_40_otherinsects_10_frame_8.jpg,0.9390424489974976,39,15.63114480378872,0.975
Aphid_40_otherinsects_10_frame_9.jpg,0.9307295680046082,36,14.84894595906428,0.9473684210526315
Aphid_40_otherinsects_20_frame_1.jpg,0.88823401927948,33,15.677464658722348,0.8461538461538461
Aphid_40_otherinsects_20_frame_10.jpg,0.9128799438476562,36,15.910121866680887,0.9
Aphid_40_otherinsects_20_frame_11.jpg,0.9254142642021179,33,15.997222531688518,0.7804878048780488
Aphid_40_otherinsects_20_frame_12.jpg,0.9180779457092285,35,16.309311007846862,0.875
Aphid_40_otherinsects_20_frame_13.jpg,0.9358963370323181,33,16.476633932910797,0.825
Aphid_40_otherinsects_20_frame_14.jpg,0.9154385328292847,35,16.057997766786038,0.875
Aphid_40_otherinsects_20_frame_15.jpg,0.9351363778114319,33,16.550944905773427,0.825
Aphid_40_otherinsects_20_frame_16.jpg,0.9285815954208374,34,16.941274108872033,0.85
Aphid_40_otherinsects_20_frame_17.jpg,0.9206996560096741,37,16.999666404034674,0.925
Aphid_40_otherinsects_20_frame_18.jpg,0.9194589853286743,37,17.407235761149746,0.9024390243902439
Aphid_40_otherinsects_20_frame_19.jpg,0.9173004031181335,37,17.509347124858202,0.9024390243902439
Aphid_40_otherinsects_20_frame_2.jpg,0.902059018611908,29,16.52383333195125,0.8055555555555556
Aphid_40_otherinsects_20_frame_20.jpg,0.9281049370765686,34,17.586184938644337,0.85
Aphid_40_otherinsects_20_frame_21.jpg,0.9251500964164734,35,17.59671714019615,0.875
Aphid_40_otherinsects_20_frame_22.jpg,0.9344838857650757,32,17.513521138829418,0.8
Aphid_40_otherinsects_20_frame_23.jpg,0.9392618536949158,32,17.565428028359864,0.8
Aphid_40_otherinsects_20_frame_24.jpg,0.9222994446754456,34,17.080011415558975,0.85
Aphid_40_otherinsects_20_frame_25.jpg,0.9129641056060791,35,17.216452560097217,0.8974358974358975
Aphid_40_otherinsects_20_frame_26.jpg,0.9136625528335571,32,17.698411925778625,0.8205128205128205
Aphid_40_otherinsects_20_frame_3.jpg,0.8796342015266418,31,16.194969087531693,0.8611111111111112
Aphid_40_otherinsects_20_frame_4.jpg,0.9296950697898865,30,16.550860594673225,0.7894736842105263
Aphid_40_otherinsects_20_frame_5.jpg,0.9152861833572388,33,15.607935393466445,0.8918918918918919
Aphid_40_otherinsects_20_frame_6.jpg,0.9083700180053711,36,16.134378770000303,0.9473684210526315
Aphid_40_otherinsects_20_frame_7.jpg,0.9268627166748047,32,16.773741161359993,0.8648648648648649
Aphid_40_otherinsects_20_frame_8.jpg,0.9117106795310974,32,16.19288410643055,0.8648648648648649
Aphid_40_otherinsects_20_frame_9.jpg,0.9054539203643799,35,15.246664448604644,0.8974358974358975
Aphid_40_otherinsects_30_frame_1.jpg,0.9070642590522766,35,18.172086672084003,0.8974358974358975
Aphid_40_otherinsects_30_frame_10.jpg,0.9382089376449585,38,16.97961970178636,0.9743589743589743
Aphid_40_otherinsects_30_frame_11.jpg,0.9240373373031616,39,18.83229108853937,0.975
Aphid_40_otherinsects_30_frame_12.jpg,0.9418460130691528,36,17.950327475056383,0.9230769230769231
Aphid_40_otherinsects_30_frame_13.jpg,0.917303204536438,38,17.821546732172646,0.95
Aphid_40_otherinsects_30_frame_14.jpg,0.9138864278793335,38,18.021982507363287,0.95
Aphid_40_otherinsects_30_frame_15.jpg,0.911585807800293,36,17.618103851899374,0.9230769230769231
Aphid_40_otherinsects_30_frame_16.jpg,0.9197757244110107,34,19.00756671958546,0.8947368421052632
Aphid_40_otherinsects_30_frame_17.jpg,0.918707549571991,39,18.993521216861758,0.975
Aphid_40_otherinsects_30_frame_18.jpg,0.9183956980705261,35,19.60689987545968,0.875
Aphid_40_otherinsects_30_frame_19.jpg,0.9318642020225525,36,19.720877816815058,0.9
Aphid_40_otherinsects_30_frame_2.jpg,0.9186761975288391,29,18.433086401809966,0.8529411764705882
Aphid_40_otherinsects_30_frame_20.jpg,0.926267147064209,38,19.701715682086995,0.95
Aphid_40_otherinsects_30_frame_21.jpg,0.9252238869667053,38,19.761127902054916,0.95
Aphid_40_otherinsects_30_frame_22.jpg,0.9257968068122864,39,19.769467293531484,0.975
Aphid_40_otherinsects_30_frame_23.jpg,0.9316719770431519,37,19.685668711924173,0.925
Aphid_40_otherinsects_30_frame_24.jpg,0.9444970488548279,35,19.95702459901956,0.875
Aphid_40_otherinsects_30_frame_25.jpg,0.9279598593711853,38,18.729660524416463,0.95
Aphid_40_otherinsects_30_frame_26.jpg,0.9319530129432678,37,19.153010116469982,0.925
Aphid_40_otherinsects_30_frame_3.jpg,0.915261447429657,37,19.38326774623056,0.925
Aphid_40_otherinsects_30_frame_4.jpg,0.9289037585258484,29,17.985316713050292,0.8055555555555556
Aphid_40_otherinsects_30_frame_5.jpg,0.9133882522583008,37,18.447702502894217,0.9487179487179487
Aphid_40_otherinsects_30_frame_6.jpg,0.9360310435295105,32,17.907643258873218,0.8421052631578947
Aphid_40_otherinsects_30_frame_7.jpg,0.9338311553001404,38,18.3565219844217,0.9743589743589743
Aphid_40_otherinsects_30_frame_8.jpg,0.9176838397979736,36,18.41863714020598,0.9473684210526315
Aphid_40_otherinsects_30_frame_9.jpg,0.9316571354866028,37,17.66006348209335,0.9487179487179487
Aphid_40_otherinsects_40_frame_1.jpg,0.9282025694847107,38,20.112757140157093,0.95
Aphid_40_otherinsects_40_frame_10.jpg,0.9407735466957092,36,18.487989117375232,0.9230769230769231
Aphid_40_otherinsects_40_frame_11.jpg,0.9044730067253113,37,19.869845718636736,0.9230769230769231
Aphid_40_otherinsects_40_frame_12.jpg,0.9238621592521667,36,20.071174604475555,0.9230769230769231
Aphid_40_otherinsects_40_frame_13.jpg,0.9143277406692505,38,19.704319380554143,0.9743589743589743
Aphid_40_otherinsects_40_frame_14.jpg,0.9013862013816833,39,19.878331965393983,1.0
Aphid_40_otherinsects_40_frame_15.jpg,0.9104527235031128,38,20.512816565298614,0.9743589743589743
Aphid_40_otherinsects_40_frame_16.jpg,0.9170544147491455,36,20.27482981374564,0.9230769230769231
Aphid_40_otherinsects_40_frame_17.jpg,0.9361402988433838,36,20.265444783305714,0.9230769230769231
Aphid_40_otherinsects_40_frame_18.jpg,0.9091002941131592,37,20.234218125096795,0.9487179487179487
Aphid_40_otherinsects_40_frame_19.jpg,0.927423894405365,36,20.070664029494,0.9230769230769231
Aphid_40_otherinsects_40_frame_2.jpg,0.9303234815597534,34,20.112423891954293,0.8947368421052632
Aphid_40_otherinsects_40_frame_20.jpg,0.9092838168144226,38,20.487264915282644,0.9743589743589743
Aphid_40_otherinsects_40_frame_21.jpg,0.92005854845047,35,20.187534383900054,0.8974358974358975
Aphid_40_otherinsects_40_frame_22.jpg,0.9246715903282166,36,19.94789579451227,0.9230769230769231
Aphid_40_otherinsects_40_frame_23.jpg,0.9218862056732178,34,20.814027785459363,0.8717948717948718
Aphid_40_otherinsects_40_frame_24.jpg,0.9288725256919861,34,20.430636376453695,0.8717948717948718
Aphid_40_otherinsects_40_frame_25.jpg,0.9207931160926819,34,21.220529278475876,0.8947368421052632
Aphid_40_otherinsects_40_frame_26.jpg,0.9186009168624878,35,20.493517623931464,0.8974358974358975
Aphid_40_otherinsects_40_frame_3.jpg,0.9003894925117493,36,19.39107897110064,0.9230769230769231
Aphid_40_otherinsects_40_frame_4.jpg,0.932262659072876,32,18.56384694545966,0.8888888888888888
Aphid_40_otherinsects_40_frame_5.jpg,0.9002785682678223,29,18.29265044871108,0.8235294117647058
Aphid_40_otherinsects_40_frame_6.jpg,0.9363760948181152,35,19.25540127007684,0.9722222222222222
Aphid_40_otherinsects_40_frame_7.jpg,0.9245897531509399,35,19.339931703899712,0.9722222222222222
Aphid_40_otherinsects_40_frame_8.jpg,0.9508572220802307,26,18.149894575273674,0.8666666666666667
Aphid_40_otherinsects_40_frame_9.jpg,0.9383666515350342,38,18.629674280245528,0.95
Aphid_40_soil_00_highspeed_frame_1.jpg,0.9089959263801575,31,23.856767252198072,0.8157894736842105
Aphid_40_soil_00_highspeed_frame_10.jpg,0.9211093783378601,28,15.347698517310517,0.7567567567567568
Aphid_40_soil_00_highspeed_frame_11.jpg,0.9447348713874817,29,15.055314489647216,0.7631578947368421
Aphid_40_soil_00_highspeed_frame_12.jpg,0.9310405254364014,28,15.758334741858047,0.7567567567567568
Aphid_40_soil_00_highspeed_frame_13.jpg,0.927954912185669,32,16.254816989428573,0.8888888888888888
Aphid_40_soil_00_highspeed_frame_14.jpg,0.9458673596382141,29,16.677733536452738,0.7837837837837838
Aphid_40_soil_00_highspeed_frame_15.jpg,0.9356206655502319,31,16.222520868223967,0.8157894736842105
Aphid_40_soil_00_highspeed_frame_16.jpg,0.9236181974411011,30,16.954049093149727,0.8108108108108109
Aphid_40_soil_00_highspeed_frame_17.jpg,0.93064284324646,28,16.900518402493102,0.7368421052631579
Aphid_40_soil_00_highspeed_frame_18.jpg,0.9165952205657959,29,17.262384404350982,0.7837837837837838
Aphid_40_soil_00_highspeed_frame_19.jpg,0.9347643852233887,25,16.92290922525765,0.6578947368421053
Aphid_40_soil_00_highspeed_frame_2.jpg,0.9014585614204407,31,25.074371397230973,0.8157894736842105
Aphid_40_soil_00_highspeed_frame_20.jpg,0.927118182182312,26,16.723326211405308,0.7027027027027027
Aphid_40_soil_00_highspeed_frame_21.jpg,0.9175595045089722,30,16.873430839753546,0.7894736842105263
Aphid_40_soil_00_highspeed_frame_22.jpg,0.9174926280975342,32,16.992694342467924,0.8421052631578947
Aphid_40_soil_00_highspeed_frame_23.jpg,0.9357814788818359,27,17.486453886520874,0.7105263157894737
Aphid_40_soil_00_highspeed_frame_24.jpg,0.9287818670272827,27,17.35773825632014,0.7105263157894737
Aphid_40_soil_00_highspeed_frame_25.jpg,0.9424288272857666,29,16.921614619609795,0.7631578947368421
Aphid_40_soil_00_highspeed_frame_26.jpg,0.9169801473617554,30,17.047413592113084,0.7894736842105263
Aphid_40_soil_00_highspeed_frame_3.jpg,0.9265770316123962,31,25.003702652968702,0.8378378378378378
Aphid_40_soil_00_highspeed_frame_4.jpg,0.8788473010063171,20,23.381699421595133,0.5555555555555556
Aphid_40_soil_00_highspeed_frame_5.jpg,0.9268051385879517,32,20.91318111122013,0.8
Aphid_40_soil_00_highspeed_frame_6.jpg,0.8829159140586853,20,18.505363593206393,0.5405405405405406
Aphid_40_soil_00_highspeed_frame_7.jpg,0.9133086800575256,29,18.597214563339712,0.8055555555555556
Aphid_40_soil_00_highspeed_frame_8.jpg,0.9352768063545227,26,16.42800327808959,0.7428571428571429
Aphid_40_soil_00_highspeed_frame_9.jpg,0.9259935617446899,29,14.022987398277596,0.7837837837837838
Aphid_40_soil_00_highspeed_halfsubmerged_frame_1.jpg,0.9012389183044434,24,22.339774113346817,0.7058823529411765
Aphid_40_soil_00_highspeed_halfsubmerged_frame_10.jpg,0.9478712677955627,17,12.82433628698106,0.5151515151515151
Aphid_40_soil_00_highspeed_halfsubmerged_frame_11.jpg,0.924224853515625,18,13.320926318617495,0.5806451612903226
Aphid_40_soil_00_highspeed_halfsubmerged_frame_12.jpg,0.9499855041503906,15,12.196574036855859,0.5769230769230769
Aphid_40_soil_00_highspeed_halfsubmerged_frame_13.jpg,0.9345136284828186,15,13.651098569322077,0.75
Aphid_40_soil_00_highspeed_halfsubmerged_frame_14.jpg,0.9551682472229004,14,13.291289201067004,0.6363636363636364
Aphid_40_soil_00_highspeed_halfsubmerged_frame_15.jpg,0.9344125986099243,14,13.479960223325547,0.6363636363636364
Aphid_40_soil_00_highspeed_halfsubmerged_frame_16.jpg,0.9205656051635742,16,13.304385221128353,0.6666666666666666
Aphid_40_soil_00_highspeed_halfsubmerged_frame_17.jpg,0.9148208498954773,16,12.739800967451947,0.8421052631578947
Aphid_40_soil_00_highspeed_halfsubmerged_frame_18.jpg,0.9456778168678284,14,12.82073393610169,0.6363636363636364
Aphid_40_soil_00_highspeed_halfsubmerged_frame_19.jpg,0.939559280872345,16,13.316124461961495,0.6666666666666666
Aphid_40_soil_00_highspeed_halfsubmerged_frame_2.jpg,0.9271593689918518,23,22.711107490445066,0.6571428571428571
Aphid_40_soil_00_highspeed_halfsubmerged_frame_20.jpg,0.9348606467247009,16,13.134762726702027,0.6666666666666666
Aphid_40_soil_00_highspeed_halfsubmerged_frame_21.jpg,0.9360039234161377,16,13.102161708244282,0.64
Aphid_40_soil_00_highspeed_halfsubmerged_frame_22.jpg,0.9404303431510925,16,14.064147526555184,0.6666666666666666
Aphid_40_soil_00_highspeed_halfsubmerged_frame_23.jpg,0.921176552772522,15,13.817750041515326,0.5769230769230769
Aphid_40_soil_00_highspeed_halfsubmerged_frame_24.jpg,0.944148063659668,14,13.230338423034262,0.56
Aphid_40_soil_00_highspeed_halfsubmerged_frame_25.jpg,0.9403182864189148,15,13.100599655124741,0.6
Aphid_40_soil_00_highspeed_halfsubmerged_frame_26.jpg,0.9069272875785828,15,13.79602100413108,0.625
Aphid_40_soil_00_highspeed_halfsubmerged_frame_3.jpg,0.8889133334159851,22,18.712642847844624,0.7333333333333333
Aphid_40_soil_00_highspeed_halfsubmerged_frame_4.jpg,0.9075947999954224,21,19.76258946922249,0.5555555555555556
Aphid_40_soil_00_highspeed_halfsubmerged_frame_5.jpg,0.9126980304718018,18,17.68736344691449,0.6666666666666666
Aphid_40_soil_00_highspeed_halfsubmerged_frame_6.jpg,0.9252800345420837,18,16.32003430679223,0.8181818181818182
Aphid_40_soil_00_highspeed_halfsubmerged_frame_7.jpg,0.9010359644889832,18,15.411376687797002,0.6428571428571429
Aphid_40_soil_00_highspeed_halfsubmerged_frame_8.jpg,0.8966444134712219,14,13.8477721735583,0.4666666666666667
Aphid_40_soil_00_highspeed_halfsubmerged_frame_9.jpg,0.9135885834693909,21,13.905656301497942,0.5675675675675675
Aphid_40_soil_00_lowspeed_frame_1.jpg,0.9067630767822266,32,28.421586613058142,0.8648648648648649
Aphid_40_soil_00_lowspeed_frame_10.jpg,0.9212357997894287,31,28.125134779572587,0.8157894736842105
Aphid_40_soil_00_lowspeed_frame_11.jpg,0.9234887957572937,31,28.579051245043946,0.8157894736842105
Aphid_40_soil_00_lowspeed_frame_12.jpg,0.9183830618858337,34,28.78851343487882,0.8947368421052632
Aphid_40_soil_00_lowspeed_frame_13.jpg,0.9268803596496582,33,29.415232305616637,0.868421052631579
Aphid_40_soil_00_lowspeed_frame_14.jpg,0.9218098521232605,35,29.941474060831403,0.9210526315789473
Aphid_40_soil_00_lowspeed_frame_15.jpg,0.9136048555374146,32,30.344128536306922,0.8421052631578947
Aphid_40_soil_00_lowspeed_frame_16.jpg,0.9305905699729919,34,30.296268207180436,0.8947368421052632
Aphid_40_soil_00_lowspeed_frame_17.jpg,0.9226508736610413,32,30.5497641217943,0.8648648648648649
Aphid_40_soil_00_lowspeed_frame_18.jpg,0.9226841926574707,34,30.99517460578595,0.8947368421052632
Aphid_40_soil_00_lowspeed_frame_19.jpg,0.930764377117157,31,29.49110493619432,0.8157894736842105
Aphid_40_soil_00_lowspeed_frame_2.jpg,0.9267953038215637,23,28.00463637825798,0.8214285714285714
Aphid_40_soil_00_lowspeed_frame_20.jpg,0.9131432771682739,33,30.368731007498024,0.9166666666666666
Aphid_40_soil_00_lowspeed_frame_21.jpg,0.9205183386802673,31,30.388925932480433,0.8157894736842105
Aphid_40_soil_00_lowspeed_frame_22.jpg,0.9275513291358948,30,30.81304377864043,0.7894736842105263
Aphid_40_soil_00_lowspeed_frame_23.jpg,0.9155876636505127,33,30.286983910577003,0.868421052631579
Aphid_40_soil_00_lowspeed_frame_24.jpg,0.9309279322624207,32,29.521297345706575,0.8421052631578947
Aphid_40_soil_00_lowspeed_frame_25.jpg,0.9200049638748169,32,29.571332955932633,0.8421052631578947
Aphid_40_soil_00_lowspeed_frame_26.jpg,0.9182302355766296,33,29.638138328244818,0.868421052631579
Aphid_40_soil_00_lowspeed_frame_3.jpg,0.915667712688446,31,28.752462048567384,0.8378378378378378
Aphid_40_soil_00_lowspeed_frame_4.jpg,0.9167923927307129,26,27.76316622218044,0.7428571428571429
Aphid_40_soil_00_lowspeed_frame_5.jpg,0.9199660420417786,26,27.400622808275983,0.6756756756756757
Aphid_40_soil_00_lowspeed_frame_6.jpg,0.9322547316551208,33,26.776811451477773,0.8461538461538461
Aphid_40_soil_00_lowspeed_frame_7.jpg,0.9140149354934692,34,28.262123613578357,0.8048780487804879
Aphid_40_soil_00_lowspeed_frame_8.jpg,0.8944954872131348,34,27.90720330692275,0.868421052631579
Aphid_40_soil_00_lowspeed_frame_9.jpg,0.9124536514282227,33,27.424881440695376,0.825
Aphid_40_soil_00_lowspeed_halfsubmerged_frame_1.jpg,0.9210105538368225,21,18.851475305934407,0.6176470588235294
Aphid_40_soil_00_lowspeed_halfsubmerged_frame_10.jpg,0.8800045251846313,27,20.819368220718694,0.7714285714285715
Aphid_40_soil_00_lowspeed_halfsubmerged_frame_11.jpg,0.9229469299316406,24,19.612136520938716,0.7058823529411765
Aphid_40_soil_00_lowspeed_halfsubmerged_frame_12.jpg,0.9167088270187378,24,21.608731921228035,0.6486486486486487
Aphid_40_soil_00_lowspeed_halfsubmerged_frame_13.jpg,0.9197554588317871,25,21.918789256552117,0.6756756756756757
Aphid_40_soil_00_lowspeed_halfsubmerged_frame_14.jpg,0.9176473021507263,22,21.725463441992733,0.6285714285714286
Aphid_40_soil_00_lowspeed_halfsubmerged_frame_15.jpg,0.8844659924507141,27,22.111052188523335,0.7941176470588235
Aphid_40_soil_00_lowspeed_halfsubmerged_frame_16.jpg,0.9185491800308228,26,22.094952992681055,0.7027027027027027
Aphid_40_soil_00_lowspeed_halfsubmerged_frame_17.jpg,0.9143592119216919,22,22.570341410091213,0.6285714285714286
Aphid_40_soil_00_lowspeed_halfsubmerged_frame_18.jpg,0.8821921944618225,25,23.42642610834086,0.6944444444444444
Aphid_40_soil_00_lowspeed_halfsubmerged_frame_19.jpg,0.8937865495681763,25,23.031776752580022,0.7575757575757576
Aphid_40_soil_00_lowspeed_halfsubmerged_frame_2.jpg,0.9272016286849976,21,18.817961752200134,0.6
Aphid_40_soil_00_lowspeed_halfsubmerged_frame_20.jpg,0.9175801873207092,23,23.286889458285174,0.696969696969697
Aphid_40_soil_00_lowspeed_halfsubmerged_frame_21.jpg,0.9010556936264038,24,23.489829577259272,0.6857142857142857
Aphid_40_soil_00_lowspeed_halfsubmerged_frame_22.jpg,0.8875746130943298,26,23.63548443740125,0.7428571428571429
Aphid_40_soil_00_lowspeed_halfsubmerged_frame_23.jpg,0.893306314945221,25,23.54102360085683,0.6944444444444444
Aphid_40_soil_00_lowspeed_halfsubmerged_frame_24.jpg,0.8738821744918823,24,23.43492393026006,0.6216216216216216
Aphid_40_soil_00_lowspeed_halfsubmerged_frame_25.jpg,0.9009639024734497,26,23.524190271958492,0.7428571428571429
Aphid_40_soil_00_lowspeed_halfsubmerged_frame_26.jpg,0.8874826431274414,23,23.676577611584662,0.6571428571428571
Aphid_40_soil_00_lowspeed_halfsubmerged_frame_3.jpg,0.9115334749221802,22,19.053975107578385,0.5263157894736842
Aphid_40_soil_00_lowspeed_halfsubmerged_frame_4.jpg,0.8885071873664856,25,19.305411011834035,0.7142857142857143
Aphid_40_soil_00_lowspeed_halfsubmerged_frame_5.jpg,0.9262652397155762,22,19.588118184727072,0.7096774193548387
Aphid_40_soil_00_lowspeed_halfsubmerged_frame_6.jpg,0.9129036068916321,26,18.999264949498144,0.8125
Aphid_40_soil_00_lowspeed_halfsubmerged_frame_7.jpg,0.890055239200592,22,20.96309635730166,0.7096774193548387
Aphid_40_soil_00_lowspeed_halfsubmerged_frame_8.jpg,0.9179540276527405,22,19.76480041886825,0.6666666666666666
Aphid_40_soil_00_lowspeed_halfsubmerged_frame_9.jpg,0.8992554545402527,23,19.191531975405447,0.71875
Aphid_40_soil_00_medspeed_frame_1.jpg,0.9063879251480103,31,27.346362038855567,0.7948717948717948
Aphid_40_soil_00_medspeed_frame_10.jpg,0.8903809785842896,33,25.170437354959805,0.868421052631579
Aphid_40_soil_00_medspeed_frame_11.jpg,0.9366205930709839,31,25.08230495960691,0.8157894736842105
Aphid_40_soil_00_medspeed_frame_12.jpg,0.9163821935653687,33,26.276201328555537,0.8461538461538461
Aphid_40_soil_00_medspeed_frame_13.jpg,0.9015374779701233,34,26.167491125017406,0.918918918918919
Aphid_40_soil_00_medspeed_frame_14.jpg,0.9416179656982422,33,26.403584148234245,0.8461538461538461
Aphid_40_soil_00_medspeed_frame_15.jpg,0.9380364418029785,35,26.43392383894942,0.9210526315789473
Aphid_40_soil_00_medspeed_frame_16.jpg,0.9125673174858093,34,27.477265274253824,0.8717948717948718
Aphid_40_soil_00_medspeed_frame_17.jpg,0.9142356514930725,34,26.95527851972716,0.8717948717948718
Aphid_40_soil_00_medspeed_frame_18.jpg,0.9153221845626831,34,27.882548633818665,0.8947368421052632
Aphid_40_soil_00_medspeed_frame_19.jpg,0.9111934304237366,37,28.29648400045202,0.9736842105263158
Aphid_40_soil_00_medspeed_frame_2.jpg,0.9032034873962402,30,26.652864937998654,0.8108108108108109
Aphid_40_soil_00_medspeed_frame_20.jpg,0.919922947883606,37,28.373267198806438,0.9487179487179487
Aphid_40_soil_00_medspeed_frame_21.jpg,0.9172977209091187,35,27.045498671101278,0.8974358974358975
Aphid_40_soil_00_medspeed_frame_22.jpg,0.927606999874115,34,27.477133805315173,0.8947368421052632
Aphid_40_soil_00_medspeed_frame_23.jpg,0.9166300892829895,32,27.350422248740006,0.8421052631578947
Aphid_40_soil_00_medspeed_frame_24.jpg,0.9071816205978394,34,26.663720793758795,0.8947368421052632
Aphid_40_soil_00_medspeed_frame_25.jpg,0.9102217555046082,30,25.868285731669264,0.7692307692307693
Aphid_40_soil_00_medspeed_frame_26.jpg,0.8761633634567261,32,26.649344095348212,0.8205128205128205
Aphid_40_soil_00_medspeed_frame_3.jpg,0.8874875903129578,28,24.304401892475102,0.7777777777777778
Aphid_40_soil_00_medspeed_frame_4.jpg,0.9169104099273682,24,24.54649273268641,0.8
Aphid_40_soil_00_medspeed_frame_5.jpg,0.9192712903022766,30,27.212060568807832,0.8055555555555556
Aphid_40_soil_00_medspeed_frame_6.jpg,0.9160811901092529,32,26.10355426584941,0.8421052631578947
Aphid_40_soil_00_medspeed_frame_7.jpg,0.9117928147315979,29,21.330710612953734,0.875
Aphid_40_soil_00_medspeed_frame_8.jpg,0.9390305280685425,29,23.569115553153765,0.7837837837837838
Aphid_40_soil_00_medspeed_frame_9.jpg,0.9374557733535767,34,23.167496152665713,0.8717948717948718
Aphid_40_soil_00_medspeed_halfsubmerged_frame_1.jpg,0.9042125940322876,24,23.46888572577461,0.75
Aphid_40_soil_00_medspeed_halfsubmerged_frame_10.jpg,0.934640645980835,21,22.205881780237515,0.6363636363636364
Aphid_40_soil_00_medspeed_halfsubmerged_frame_11.jpg,0.8878992795944214,24,22.804159860675423,0.75
Aphid_40_soil_00_medspeed_halfsubmerged_frame_12.jpg,0.9370936751365662,21,22.655779797901864,0.6176470588235294
Aphid_40_soil_00_medspeed_halfsubmerged_frame_13.jpg,0.9260613322257996,22,23.25554531942303,0.6470588235294118
Aphid_40_soil_00_medspeed_halfsubmerged_frame_14.jpg,0.9233890771865845,21,23.360632865863106,0.5833333333333334
Aphid_40_soil_00_medspeed_halfsubmerged_frame_15.jpg,0.9030863046646118,23,22.92628104035477,0.6388888888888888
Aphid_40_soil_00_medspeed_halfsubmerged_frame_16.jpg,0.8936282992362976,20,24.708206467676604,0.5555555555555556
Aphid_40_soil_00_medspeed_halfsubmerged_frame_17.jpg,0.9058825969696045,22,24.589418499884687,0.6111111111111112
Aphid_40_soil_00_medspeed_halfsubmerged_frame_18.jpg,0.9245554804801941,23,24.611346157616964,0.6388888888888888
Aphid_40_soil_00_medspeed_halfsubmerged_frame_19.jpg,0.9334537386894226,21,24.587535425912318,0.5833333333333334
Aphid_40_soil_00_medspeed_halfsubmerged_frame_2.jpg,0.9187665581703186,22,25.15266128969093,0.7096774193548387
Aphid_40_soil_00_medspeed_halfsubmerged_frame_20.jpg,0.9030194878578186,23,24.48321523065229,0.6216216216216216
Aphid_40_soil_00_medspeed_halfsubmerged_frame_21.jpg,0.8875032067298889,22,24.222010870573865,0.6111111111111112
Aphid_40_soil_00_medspeed_halfsubmerged_frame_22.jpg,0.9227820038795471,21,24.69940902066257,0.6
Aphid_40_soil_00_medspeed_halfsubmerged_frame_23.jpg,0.880494236946106,22,24.545530001821646,0.6111111111111112
Aphid_40_soil_00_medspeed_halfsubmerged_frame_24.jpg,0.9237102270126343,22,24.95141168073639,0.5945945945945946
Aphid_40_soil_00_medspeed_halfsubmerged_frame_25.jpg,0.9284074902534485,20,25.247983147267128,0.5405405405405406
Aphid_40_soil_00_medspeed_halfsubmerged_frame_26.jpg,0.9368867874145508,20,25.020336023059706,0.5555555555555556
Aphid_40_soil_00_medspeed_halfsubmerged_frame_3.jpg,0.9024491906166077,23,20.948909718158845,0.7931034482758621
Aphid_40_soil_00_medspeed_halfsubmerged_frame_4.jpg,0.9015339612960815,19,19.614424824709065,0.8636363636363636
Aphid_40_soil_00_medspeed_halfsubmerged_frame_5.jpg,0.909196138381958,27,23.69994666594716,0.7714285714285715
Aphid_40_soil_00_medspeed_halfsubmerged_frame_6.jpg,0.9103667140007019,22,22.407977915915676,0.7333333333333333
Aphid_40_soil_00_medspeed_halfsubmerged_frame_7.jpg,0.9226140975952148,18,22.022662830585045,0.5806451612903226
Aphid_40_soil_00_medspeed_halfsubmerged_frame_8.jpg,0.9295324683189392,26,22.13444368060336,0.7647058823529411
Aphid_40_soil_00_medspeed_halfsubmerged_frame_9.jpg,0.9402278661727905,23,20.814756178821472,0.71875
Aphid_40_soil_01_lowspeed_frame_1.jpg,0.8924039602279663,33,29.250336740612532,0.868421052631579
Aphid_40_soil_01_lowspeed_frame_10.jpg,0.9287868142127991,37,26.86890772333376,0.9487179487179487
Aphid_40_soil_01_lowspeed_frame_11.jpg,0.9141994118690491,36,28.168484903785046,0.9
Aphid_40_soil_01_lowspeed_frame_12.jpg,0.9106227159500122,37,28.76072185880228,0.9736842105263158
Aphid_40_soil_01_lowspeed_frame_13.jpg,0.9125731587409973,35,27.654013891696657,0.875
Aphid_40_soil_01_lowspeed_frame_14.jpg,0.908382773399353,37,28.435856782644933,0.9487179487179487
Aphid_40_soil_01_lowspeed_frame_15.jpg,0.908301830291748,35,28.616232293340307,0.9210526315789473
Aphid_40_soil_01_lowspeed_frame_16.jpg,0.9175467491149902,33,28.977192377031237,0.825
Aphid_40_soil_01_lowspeed_frame_17.jpg,0.9200973510742188,33,29.02501038404726,0.825
Aphid_40_soil_01_lowspeed_frame_18.jpg,0.9285433292388916,34,28.98009900868645,0.8717948717948718
Aphid_40_soil_01_lowspeed_frame_19.jpg,0.9319248199462891,36,29.066747939388467,0.9
Aphid_40_soil_01_lowspeed_frame_2.jpg,0.9026673436164856,30,29.754256658068254,0.8571428571428571
Aphid_40_soil_01_lowspeed_frame_20.jpg,0.9309484958648682,36,29.383577610975607,0.9
Aphid_40_soil_01_lowspeed_frame_21.jpg,0.912165105342865,36,29.463818830892016,0.8974358974358975
Aphid_40_soil_01_lowspeed_frame_22.jpg,0.9193117022514343,38,29.171665139321405,0.95
Aphid_40_soil_01_lowspeed_frame_23.jpg,0.9234353303909302,36,29.155409338513238,0.9230769230769231
Aphid_40_soil_01_lowspeed_frame_24.jpg,0.92555171251297,33,29.346351825279996,0.8918918918918919
Aphid_40_soil_01_lowspeed_frame_25.jpg,0.9053018093109131,31,29.393397892532118,0.8611111111111112
Aphid_40_soil_01_lowspeed_frame_26.jpg,0.912874162197113,33,29.296854441338393,0.8461538461538461
Aphid_40_soil_01_lowspeed_frame_3.jpg,0.9164857268333435,33,29.306527852700224,0.868421052631579
Aphid_40_soil_01_lowspeed_frame_4.jpg,0.8966295719146729,31,27.237017280538595,0.8611111111111112
Aphid_40_soil_01_lowspeed_frame_5.jpg,0.9041032195091248,22,22.336005659286123,0.7777777777777778
Aphid_40_soil_01_lowspeed_frame_6.jpg,0.930986762046814,21,23.55442097039346,0.75
Aphid_40_soil_01_lowspeed_frame_7.jpg,0.9271025657653809,28,26.694498804760986,0.7777777777777778
Aphid_40_soil_01_lowspeed_frame_8.jpg,0.9363757371902466,28,27.64584085804997,0.7567567567567568
Aphid_40_soil_01_lowspeed_frame_9.jpg,0.9285784959793091,35,24.359523067376134,0.8974358974358975
Aphid_40_soil_01_lowspeed_halfsubmerged_frame_1.jpg,0.9169777631759644,25,20.177983631839027,0.7142857142857143
Aphid_40_soil_01_lowspeed_halfsubmerged_frame_10.jpg,0.9137231707572937,21,20.39638739298442,0.5833333333333334
Aphid_40_soil_01_lowspeed_halfsubmerged_frame_11.jpg,0.9191297292709351,19,21.47885228486604,0.5428571428571428
Aphid_40_soil_01_lowspeed_halfsubmerged_frame_12.jpg,0.9229001402854919,26,20.67102526442937,0.7027027027027027
Aphid_40_soil_01_lowspeed_halfsubmerged_frame_13.jpg,0.9220430254936218,25,21.673649815116317,0.6944444444444444
Aphid_40_soil_01_lowspeed_halfsubmerged_frame_14.jpg,0.8876861929893494,23,21.988253486102543,0.6388888888888888
Aphid_40_soil_01_lowspeed_halfsubmerged_frame_15.jpg,0.9313839673995972,25,22.098048356272567,0.6756756756756757
Aphid_40_soil_01_lowspeed_halfsubmerged_frame_16.jpg,0.9014890193939209,28,20.997064762261452,0.7567567567567568
Aphid_40_soil_01_lowspeed_halfsubmerged_frame_17.jpg,0.8906707763671875,30,20.744897450393676,0.8108108108108109
Aphid_40_soil_01_lowspeed_halfsubmerged_frame_18.jpg,0.9037917852401733,25,20.410143629184756,0.6578947368421053
Aphid_40_soil_01_lowspeed_halfsubmerged_frame_19.jpg,0.9008631110191345,26,20.93522366229661,0.7647058823529411
Aphid_40_soil_01_lowspeed_halfsubmerged_frame_2.jpg,0.9001768827438354,26,20.102682715599137,0.7647058823529411
Aphid_40_soil_01_lowspeed_halfsubmerged_frame_20.jpg,0.9047549366950989,29,20.20791631029644,0.8055555555555556
Aphid_40_soil_01_lowspeed_halfsubmerged_frame_21.jpg,0.9011803865432739,27,22.276565023648157,0.75
Aphid_40_soil_01_lowspeed_halfsubmerged_frame_22.jpg,0.8910896182060242,29,21.30667107139538,0.7837837837837838
Aphid_40_soil_01_lowspeed_halfsubmerged_frame_23.jpg,0.8834250569343567,29,22.18222598100595,0.7631578947368421
Aphid_40_soil_01_lowspeed_halfsubmerged_frame_24.jpg,0.9024358987808228,28,21.4139966194803,0.7777777777777778
Aphid_40_soil_01_lowspeed_halfsubmerged_frame_25.jpg,0.8974379301071167,30,22.36731450342915,0.8571428571428571
Aphid_40_soil_01_lowspeed_halfsubmerged_frame_26.jpg,0.8992877006530762,28,22.41805325005801,0.7368421052631579
Aphid_40_soil_01_lowspeed_halfsubmerged_frame_3.jpg,0.9150820970535278,26,20.240281381736946,0.7428571428571429
Aphid_40_soil_01_lowspeed_halfsubmerged_frame_4.jpg,0.9202858209609985,20,19.3469487115396,0.6451612903225806
Aphid_40_soil_01_lowspeed_halfsubmerged_frame_5.jpg,0.902446448802948,25,20.751640787998483,0.7142857142857143
Aphid_40_soil_01_lowspeed_halfsubmerged_frame_6.jpg,0.9225293397903442,16,17.128806190646383,0.7272727272727273
Aphid_40_soil_01_lowspeed_halfsubmerged_frame_7.jpg,0.9229303002357483,23,20.453189342791475,0.6052631578947368
Aphid_40_soil_01_lowspeed_halfsubmerged_frame_8.jpg,0.8973382115364075,25,19.90685281754091,0.7575757575757576
Aphid_40_soil_01_lowspeed_halfsubmerged_frame_9.jpg,0.8892815709114075,23,19.415027731986456,0.6571428571428571
Aphid_40_soil_dd_lowspeed_frame_1.jpg,0.9237600564956665,29,26.768363556951734,0.7631578947368421
Aphid_40_soil_dd_lowspeed_frame_10.jpg,0.8952674865722656,32,27.023508236811942,0.8648648648648649
Aphid_40_soil_dd_lowspeed_frame_11.jpg,0.900330662727356,29,26.280150897235238,0.7777777777777778
Aphid_40_soil_dd_lowspeed_frame_12.jpg,0.9107202887535095,31,27.266760978799766,0.8157894736842105
Aphid_40_soil_dd_lowspeed_frame_13.jpg,0.9204246401786804,31,26.91640453027743,0.8157894736842105
Aphid_40_soil_dd_lowspeed_frame_14.jpg,0.9021786451339722,25,25.006872979408676,0.7352941176470589
Aphid_40_soil_dd_lowspeed_frame_15.jpg,0.9176396131515503,32,28.147909408074444,0.8421052631578947
Aphid_40_soil_dd_lowspeed_frame_16.jpg,0.9080719351768494,34,27.388980231380952,0.8717948717948718
Aphid_40_soil_dd_lowspeed_frame_17.jpg,0.8985333442687988,35,26.665718252463257,0.8974358974358975
Aphid_40_soil_dd_lowspeed_frame_18.jpg,0.931070864200592,30,27.36713113936094,0.8333333333333334
Aphid_40_soil_dd_lowspeed_frame_19.jpg,0.9416508674621582,24,24.63275506369457,0.75
Aphid_40_soil_dd_lowspeed_frame_2.jpg,0.9328391551971436,27,26.06360572316372,0.7297297297297297
Aphid_40_soil_dd_lowspeed_frame_20.jpg,0.9036752581596375,31,27.46454017971912,0.8157894736842105
Aphid_40_soil_dd_lowspeed_frame_21.jpg,0.9199008941650391,29,28.82468733017449,0.7631578947368421
Aphid_40_soil_dd_lowspeed_frame_22.jpg,0.920539379119873,23,24.374170051924906,0.7931034482758621
Aphid_40_soil_dd_lowspeed_frame_23.jpg,0.9010489583015442,29,26.143514969422995,0.7435897435897436
Aphid_40_soil_dd_lowspeed_frame_24.jpg,0.928183376789093,27,28.187413782366807,0.6923076923076923
Aphid_40_soil_dd_lowspeed_frame_25.jpg,0.902658224105835,31,28.59941442235278,0.7948717948717948
Aphid_40_soil_dd_lowspeed_frame_26.jpg,0.9150075912475586,28,27.527702474597568,0.675
Aphid_40_soil_dd_lowspeed_frame_3.jpg,0.9121114611625671,29,26.46556843676061,0.8055555555555556
Aphid_40_soil_dd_lowspeed_frame_4.jpg,0.8973274827003479,28,27.17879719128267,0.7105263157894737
Aphid_40_soil_dd_lowspeed_frame_5.jpg,0.910877525806427,28,26.80665207440664,0.7777777777777778
Aphid_40_soil_dd_lowspeed_frame_6.jpg,0.9092099666595459,24,25.139102984810776,0.7272727272727273
Aphid_40_soil_dd_lowspeed_frame_7.jpg,0.9296737313270569,25,26.47212612466019,0.78125
Aphid_40_soil_dd_lowspeed_frame_8.jpg,0.9299154281616211,24,25.937982216835,0.7058823529411765
Aphid_40_soil_dd_lowspeed_frame_9.jpg,0.9296706914901733,27,27.017222073281417,0.7714285714285715
Aphid_40_soil_dd_lowspeed_halfsubmerged_frame_1.jpg,0.9205480217933655,23,23.42657528542522,0.6388888888888888
Aphid_40_soil_dd_lowspeed_halfsubmerged_frame_10.jpg,0.8962710499763489,25,22.358466016268398,0.7352941176470589
Aphid_40_soil_dd_lowspeed_halfsubmerged_frame_11.jpg,0.9163501858711243,26,21.41407823977376,0.7647058823529411
Aphid_40_soil_dd_lowspeed_halfsubmerged_frame_12.jpg,0.9344438314437866,22,21.724408136018504,0.6666666666666666
Aphid_40_soil_dd_lowspeed_halfsubmerged_frame_13.jpg,0.9168694019317627,21,21.512879129489846,0.5675675675675675
Aphid_40_soil_dd_lowspeed_halfsubmerged_frame_14.jpg,0.9094127416610718,21,21.676467723210877,0.6363636363636364
Aphid_40_soil_dd_lowspeed_halfsubmerged_frame_15.jpg,0.8964559435844421,22,21.553948079477284,0.6666666666666666
Aphid_40_soil_dd_lowspeed_halfsubmerged_frame_16.jpg,0.9069116115570068,23,22.685129235451083,0.6388888888888888
Aphid_40_soil_dd_lowspeed_halfsubmerged_frame_17.jpg,0.9018577337265015,25,23.462654227626295,0.6756756756756757
Aphid_40_soil_dd_lowspeed_halfsubmerged_frame_18.jpg,0.8978280425071716,25,22.675292838830632,0.7142857142857143
Aphid_40_soil_dd_lowspeed_halfsubmerged_frame_19.jpg,0.9201703071594238,26,23.77412157857624,0.7428571428571429
Aphid_40_soil_dd_lowspeed_halfsubmerged_frame_2.jpg,0.8843516111373901,28,24.29620657528059,0.8235294117647058
Aphid_40_soil_dd_lowspeed_halfsubmerged_frame_20.jpg,0.9040178656578064,27,23.8981344055973,0.75
Aphid_40_soil_dd_lowspeed_halfsubmerged_frame_21.jpg,0.9033862352371216,26,23.59026263309027,0.7222222222222222
Aphid_40_soil_dd_lowspeed_halfsubmerged_frame_22.jpg,0.874306857585907,28,22.169534365991957,0.8
Aphid_40_soil_dd_lowspeed_halfsubmerged_frame_23.jpg,0.9061296582221985,25,23.397609092776936,0.7142857142857143
Aphid_40_soil_dd_lowspeed_halfsubmerged_frame_24.jpg,0.8951766490936279,28,22.172005023714345,0.8235294117647058
Aphid_40_soil_dd_lowspeed_halfsubmerged_frame_25.jpg,0.899869978427887,26,24.032034622917003,0.7647058823529411
Aphid_40_soil_dd_lowspeed_halfsubmerged_frame_26.jpg,0.8962374329566956,26,24.159154173534723,0.7428571428571429
Aphid_40_soil_dd_lowspeed_halfsubmerged_frame_3.jpg,0.9203745722770691,27,24.874505143397847,0.7714285714285715
Aphid_40_soil_dd_lowspeed_halfsubmerged_frame_4.jpg,0.8822153806686401,22,21.07714453398242,0.7586206896551724
Aphid_40_soil_dd_lowspeed_halfsubmerged_frame_5.jpg,0.8845434188842773,22,21.480155432451216,0.7857142857142857
Aphid_40_soil_dd_lowspeed_halfsubmerged_frame_6.jpg,0.9169476628303528,22,21.596429380763226,0.7857142857142857
Aphid_40_soil_dd_lowspeed_halfsubmerged_frame_7.jpg,0.933901309967041,24,22.42990437089073,0.7058823529411765
Aphid_40_soil_dd_lowspeed_halfsubmerged_frame_8.jpg,0.9145402312278748,25,21.41368199028233,0.8333333333333334
Aphid_40_soil_dd_lowspeed_halfsubmerged_frame_9.jpg,0.9191712141036987,27,22.272073308394585,0.7941176470588235
Aphid_40_soil_zz_lowspeed_frame_1.jpg,0.924724280834198,28,26.747617459455885,0.717948717948718
Aphid_40_soil_zz_lowspeed_frame_10.jpg,0.8977816700935364,30,25.457047317316988,0.7692307692307693
Aphid_40_soil_zz_lowspeed_frame_11.jpg,0.8915108442306519,30,25.991360980126803,0.7435897435897436
Aphid_40_soil_zz_lowspeed_frame_12.jpg,0.8999807834625244,30,26.713245873869756,0.7894736842105263
Aphid_40_soil_zz_lowspeed_frame_13.jpg,0.8941473364830017,31,26.92811763977029,0.8378378378378378
Aphid_40_soil_zz_lowspeed_frame_14.jpg,0.9196218848228455,26,27.274346174719522,0.7222222222222222
Aphid_40_soil_zz_lowspeed_frame_15.jpg,0.9309788346290588,26,27.822554204285,0.7222222222222222
Aphid_40_soil_zz_lowspeed_frame_16.jpg,0.8988707065582275,30,28.0641670259214,0.7894736842105263
Aphid_40_soil_zz_lowspeed_frame_17.jpg,0.8728310465812683,30,27.968732722830094,0.7894736842105263
Aphid_40_soil_zz_lowspeed_frame_18.jpg,0.9262502193450928,29,28.432385498767605,0.7837837837837838
Aphid_40_soil_zz_lowspeed_frame_19.jpg,0.9012978076934814,32,28.61565103932476,0.8205128205128205
Aphid_40_soil_zz_lowspeed_frame_2.jpg,0.9335929155349731,26,24.594605334828927,0.7222222222222222
Aphid_40_soil_zz_lowspeed_frame_20.jpg,0.9125797748565674,32,28.768851909120418,0.8
Aphid_40_soil_zz_lowspeed_frame_21.jpg,0.9036298394203186,35,28.785023085072734,0.8974358974358975
Aphid_40_soil_zz_lowspeed_frame_22.jpg,0.884173572063446,34,29.02882246173837,0.85
Aphid_40_soil_zz_lowspeed_frame_23.jpg,0.9012236595153809,35,28.72348817031664,0.9210526315789473
Aphid_40_soil_zz_lowspeed_frame_24.jpg,0.9133802652359009,31,28.91433056820796,0.8157894736842105
Aphid_40_soil_zz_lowspeed_frame_25.jpg,0.9105624556541443,33,28.992158603607322,0.8461538461538461
Aphid_40_soil_zz_lowspeed_frame_26.jpg,0.8751910924911499,34,29.014121257092192,0.85
Aphid_40_soil_zz_lowspeed_frame_3.jpg,0.919724702835083,30,26.00283876451809,0.7692307692307693
Aphid_40_soil_zz_lowspeed_frame_4.jpg,0.9339022040367126,30,26.49217800693461,0.7894736842105263
Aphid_40_soil_zz_lowspeed_frame_5.jpg,0.9053425192832947,29,26.516142247089853,0.8529411764705882
Aphid_40_soil_zz_lowspeed_frame_6.jpg,0.9329968094825745,28,23.64491066028871,0.8484848484848485
Aphid_40_soil_zz_lowspeed_frame_7.jpg,0.9242973327636719,33,26.677382853394036,0.8461538461538461
Aphid_40_soil_zz_lowspeed_frame_8.jpg,0.914523184299469,31,26.392844167697984,0.775
Aphid_40_soil_zz_lowspeed_frame_9.jpg,0.9224334359169006,31,25.435797779019417,0.7948717948717948
Aphid_40_soil_zz_lowspeed_halfsubmerged_frame_1.jpg,0.9197099804878235,26,21.70622665034169,0.7027027027027027
Aphid_40_soil_zz_lowspeed_halfsubmerged_frame_10.jpg,0.9103474617004395,26,20.69977991080234,0.7647058823529411
Aphid_40_soil_zz_lowspeed_halfsubmerged_frame_11.jpg,0.9092331528663635,27,21.664400522911027,0.7878787878787878
Aphid_40_soil_zz_lowspeed_halfsubmerged_frame_12.jpg,0.8957215547561646,27,22.02828435250889,0.8181818181818182
Aphid_40_soil_zz_lowspeed_halfsubmerged_frame_13.jpg,0.9240297079086304,29,22.180779000438555,0.7837837837837838
Aphid_40_soil_zz_lowspeed_halfsubmerged_frame_14.jpg,0.9029699563980103,23,22.528778480202817,0.696969696969697
Aphid_40_soil_zz_lowspeed_halfsubmerged_frame_15.jpg,0.9110587239265442,27,22.84840823518664,0.7647058823529411
Aphid_40_soil_zz_lowspeed_halfsubmerged_frame_16.jpg,0.9308335781097412,28,23.25744208920887,0.7777777777777778
Aphid_40_soil_zz_lowspeed_halfsubmerged_frame_17.jpg,0.8989130854606628,25,22.887998797900877,0.7575757575757576
Aphid_40_soil_zz_lowspeed_halfsubmerged_frame_18.jpg,0.9084357023239136,26,23.49877296235536,0.8125
Aphid_40_soil_zz_lowspeed_halfsubmerged_frame_19.jpg,0.8952771425247192,31,23.71105020694559,0.8857142857142857
Aphid_40_soil_zz_lowspeed_halfsubmerged_frame_2.jpg,0.8946375250816345,29,22.76670212989184,0.8055555555555556
Aphid_40_soil_zz_lowspeed_halfsubmerged_frame_20.jpg,0.9090576171875,27,23.71383236108565,0.7941176470588235
Aphid_40_soil_zz_lowspeed_halfsubmerged_frame_21.jpg,0.911910891532898,28,23.71031251086904,0.8235294117647058
Aphid_40_soil_zz_lowspeed_halfsubmerged_frame_22.jpg,0.9303433299064636,27,23.891756652143517,0.84375
Aphid_40_soil_zz_lowspeed_halfsubmerged_frame_23.jpg,0.9088642001152039,28,23.7943144186532,0.8235294117647058
Aphid_40_soil_zz_lowspeed_halfsubmerged_frame_24.jpg,0.9120922088623047,24,23.041110612713453,0.7272727272727273
Aphid_40_soil_zz_lowspeed_halfsubmerged_frame_25.jpg,0.9299259781837463,27,24.210740112509324,0.7941176470588235
Aphid_40_soil_zz_lowspeed_halfsubmerged_frame_26.jpg,0.9327500462532043,25,24.141069462324893,0.7352941176470589
Aphid_40_soil_zz_lowspeed_halfsubmerged_frame_3.jpg,0.8965105414390564,21,20.142498047023935,0.7
Aphid_40_soil_zz_lowspeed_halfsubmerged_frame_4.jpg,0.9163694977760315,23,20.698202081603718,0.6571428571428571
Aphid_40_soil_zz_lowspeed_halfsubmerged_frame_5.jpg,0.887668788433075,10,16.228865574858208,0.5555555555555556
Aphid_40_soil_zz_lowspeed_halfsubmerged_frame_6.jpg,0.9234649538993835,21,20.97375238747529,0.7
Aphid_40_soil_zz_lowspeed_halfsubmerged_frame_7.jpg,0.9143571853637695,27,22.426272962843377,0.8181818181818182
Aphid_40_soil_zz_lowspeed_halfsubmerged_frame_8.jpg,0.9243958592414856,22,20.82170262118281,0.7096774193548387
Aphid_40_soil_zz_lowspeed_halfsubmerged_frame_9.jpg,0.9105967879295349,27,20.24849684138666,0.7941176470588235
Aphid_40_zz_lowspeed_frame_1.jpg,0.9230512976646423,39,14.255117520923331,1.0
Aphid_40_zz_lowspeed_frame_10.jpg,0.9490378499031067,38,14.550104423892233,1.0
Aphid_40_zz_lowspeed_frame_11.jpg,0.9477753639221191,39,15.221737883197383,0.975
Aphid_40_zz_lowspeed_frame_12.jpg,0.9401900172233582,40,14.988650218159886,1.0
Aphid_40_zz_lowspeed_frame_13.jpg,0.9420514106750488,39,14.942251319667772,1.0
Aphid_40_zz_lowspeed_frame_14.jpg,0.9398297071456909,39,15.32694494887677,0.95
Aphid_40_zz_lowspeed_frame_15.jpg,0.9354569315910339,38,15.438560261627178,0.95
Aphid_40_zz_lowspeed_frame_16.jpg,0.9365351796150208,38,16.325096065163336,0.9487179487179487
Aphid_40_zz_lowspeed_frame_17.jpg,0.9390615224838257,39,16.071365892104122,1.0
Aphid_40_zz_lowspeed_frame_18.jpg,0.9316080808639526,37,15.868742409915429,0.9736842105263158
Aphid_40_zz_lowspeed_frame_19.jpg,0.9302926063537598,37,16.841533389221294,0.9736842105263158
Aphid_40_zz_lowspeed_frame_2.jpg,0.9278602600097656,35,15.857154521489683,0.9459459459459459
Aphid_40_zz_lowspeed_frame_20.jpg,0.9251999258995056,40,15.335941542323187,1.0
Aphid_40_zz_lowspeed_frame_21.jpg,0.9372257590293884,40,15.580934523557708,1.0
Aphid_40_zz_lowspeed_frame_22.jpg,0.9228763580322266,40,15.669123605666137,1.0
Aphid_40_zz_lowspeed_frame_23.jpg,0.9303121566772461,39,15.69174389887808,0.975
Aphid_40_zz_lowspeed_frame_24.jpg,0.9326082468032837,40,15.701318979323732,1.0
Aphid_40_zz_lowspeed_frame_25.jpg,0.922943651676178,41,15.842109324385346,0.975609756097561
Aphid_40_zz_lowspeed_frame_26.jpg,0.9341461062431335,40,15.790310117474673,1.0
Aphid_40_zz_lowspeed_frame_3.jpg,0.9352784156799316,32,14.633229517945704,0.9696969696969697
Aphid_40_zz_lowspeed_frame_4.jpg,0.9347826242446899,35,14.358905951051259,0.9722222222222222
Aphid_40_zz_lowspeed_frame_5.jpg,0.9402921795845032,37,15.484294505260609,0.9736842105263158
Aphid_40_zz_lowspeed_frame_6.jpg,0.9397605657577515,37,15.338212751657553,0.9736842105263158
Aphid_40_zz_lowspeed_frame_7.jpg,0.9483256936073303,34,14.479222233299199,1.0
Aphid_40_zz_lowspeed_frame_8.jpg,0.9456188678741455,39,14.953122983631701,0.975
Aphid_40_zz_lowspeed_frame_9.jpg,0.9456425309181213,39,14.197073530136715,1.0
Aphid_40_zz_lowspeed_halfsubmerged_frame_1.jpg,0.9471298456192017,33,13.642531076896784,0.8461538461538461
Aphid_40_zz_lowspeed_halfsubmerged_frame_10.jpg,0.9223132729530334,38,14.568083036528197,0.9743589743589743
Aphid_40_zz_lowspeed_halfsubmerged_frame_11.jpg,0.9250485897064209,35,15.272593004013311,0.8974358974358975
Aphid_40_zz_lowspeed_halfsubmerged_frame_12.jpg,0.915368914604187,34,14.116381136906389,0.8947368421052632
Aphid_40_zz_lowspeed_halfsubmerged_frame_13.jpg,0.9246002435684204,33,15.035615441614814,0.868421052631579
Aphid_40_zz_lowspeed_halfsubmerged_frame_14.jpg,0.9241137504577637,37,14.906602218194013,0.9487179487179487
Aphid_40_zz_lowspeed_halfsubmerged_frame_15.jpg,0.9266479015350342,37,15.623825288850588,0.925
Aphid_40_zz_lowspeed_halfsubmerged_frame_16.jpg,0.9251091480255127,36,14.852230432104701,0.9
Aphid_40_zz_lowspeed_halfsubmerged_frame_17.jpg,0.9248716235160828,33,14.723070737878047,0.9166666666666666
Aphid_40_zz_lowspeed_halfsubmerged_frame_18.jpg,0.9152089357376099,38,15.596445609735891,0.9743589743589743
Aphid_40_zz_lowspeed_halfsubmerged_frame_19.jpg,0.9165267944335938,35,15.061608311335704,0.8974358974358975
Aphid_40_zz_lowspeed_halfsubmerged_frame_2.jpg,0.9284113049507141,35,14.77324815230651,0.8974358974358975
Aphid_40_zz_lowspeed_halfsubmerged_frame_20.jpg,0.9200846552848816,36,15.646501928003822,0.9473684210526315
Aphid_40_zz_lowspeed_halfsubmerged_frame_21.jpg,0.9103264808654785,37,15.978887703072004,0.925
Aphid_40_zz_lowspeed_halfsubmerged_frame_22.jpg,0.9086623191833496,38,15.331788874092847,0.95
Aphid_40_zz_lowspeed_halfsubmerged_frame_23.jpg,0.9151931405067444,34,15.518748577312742,0.8717948717948718
Aphid_40_zz_lowspeed_halfsubmerged_frame_24.jpg,0.9232715964317322,36,15.689821725357778,0.9230769230769231
Aphid_40_zz_lowspeed_halfsubmerged_frame_25.jpg,0.9113536477088928,37,15.682213855566799,0.9487179487179487
Aphid_40_zz_lowspeed_halfsubmerged_frame_26.jpg,0.9197788238525391,36,15.403520191947427,0.9230769230769231
Aphid_40_zz_lowspeed_halfsubmerged_frame_3.jpg,0.9345699548721313,34,14.047244330985393,0.918918918918919
Aphid_40_zz_lowspeed_halfsubmerged_frame_4.jpg,0.9336681365966797,34,12.736612979786607,0.9444444444444444
Aphid_40_zz_lowspeed_halfsubmerged_frame_5.jpg,0.9271879196166992,23,12.182033648451222,1.0
Aphid_40_zz_lowspeed_halfsubmerged_frame_6.jpg,0.9154469966888428,25,12.923211337843407,0.8275862068965517
Aphid_40_zz_lowspeed_halfsubmerged_frame_7.jpg,0.9386283159255981,33,14.896999297046337,0.9428571428571428
Aphid_40_zz_lowspeed_halfsubmerged_frame_8.jpg,0.9208604097366333,35,15.742534397477067,0.9210526315789473
Aphid_40_zz_lowspeed_halfsubmerged_frame_9.jpg,0.9064440727233887,35,14.629150375617323,0.8717948717948718
Aphid_50_frame_1.jpg,0.9348491430282593,47,14.432617566702655,0.9591836734693877
Aphid_50_frame_10.jpg,0.9459341764450073,49,15.124155956965765,0.98
Aphid_50_frame_11.jpg,0.9430512189865112,48,15.836909087469195,0.96
Aphid_50_frame_12.jpg,0.9372271299362183,49,15.735074912486503,0.98
Aphid_50_frame_13.jpg,0.9340881705284119,49,15.370984182149115,0.98
Aphid_50_frame_14.jpg,0.9294734001159668,46,14.817556874024069,0.9387755102040817
Aphid_50_frame_15.jpg,0.9184380173683167,50,15.635662850442934,0.9803921568627451
Aphid_50_frame_16.jpg,0.9268487095832825,49,15.621281909742109,0.98
Aphid_50_frame_17.jpg,0.9250853061676025,47,15.403916374628146,0.94
Aphid_50_frame_18.jpg,0.930205225944519,48,15.564443644826078,0.9795918367346939
Aphid_50_frame_19.jpg,0.9233071804046631,48,15.348478739163557,0.96
Aphid_50_frame_2.jpg,0.9295549392700195,46,15.457560510093256,0.9787234042553191
Aphid_50_frame_20.jpg,0.9341516494750977,48,15.752340975385987,0.96
Aphid_50_frame_21.jpg,0.9239269495010376,49,15.70786012577907,0.98
Aphid_50_frame_22.jpg,0.9262988567352295,48,15.770338671424174,0.9411764705882353
Aphid_50_frame_23.jpg,0.9149162173271179,49,15.79378349315323,0.98
Aphid_50_frame_24.jpg,0.9313304424285889,49,15.834630617242485,0.98
Aphid_50_frame_25.jpg,0.926612138748169,49,15.948779908798585,0.98
Aphid_50_frame_26.jpg,0.9283034205436707,48,15.678581378399059,0.96
Aphid_50_frame_3.jpg,0.9356479644775391,45,15.304365979196989,0.9574468085106383
Aphid_50_frame_4.jpg,0.943752110004425,50,15.451448002277756,1.0
Aphid_50_frame_5.jpg,0.9283950328826904,50,14.741010482864576,1.0
Aphid_50_frame_6.jpg,0.9480843544006348,47,15.296233831905619,0.9591836734693877
Aphid_50_frame_7.jpg,0.9473797082901001,42,15.096421066284568,0.9545454545454546
Aphid_50_frame_8.jpg,0.9448477625846863,50,15.218274825087121,1.0
Aphid_50_frame_9.jpg,0.9464520812034607,50,14.414919628026484,1.0
Aphid_60_frame_1.jpg,0.9213112592697144,57,16.77441376519649,0.9661016949152542
Aphid_60_frame_10.jpg,0.9392383694648743,59,16.659597898535882,0.9833333333333333
Aphid_60_frame_11.jpg,0.9348732233047485,60,17.163957117854462,1.0
Aphid_60_frame_12.jpg,0.9321921467781067,60,17.34324330562522,1.0
Aphid_60_frame_13.jpg,0.9282851219177246,60,17.37222331281446,0.9836065573770492
Aphid_60_frame_14.jpg,0.9319862127304077,60,17.51760107208497,0.9836065573770492
Aphid_60_frame_15.jpg,0.9294697046279907,60,17.51779587699365,1.0
Aphid_60_frame_16.jpg,0.9227976202964783,60,17.47281821320178,1.0
Aphid_60_frame_17.jpg,0.9325294494628906,59,17.572264771406374,0.9508196721311475
Aphid_60_frame_18.jpg,0.9215030074119568,60,17.64292309493352,1.0
Aphid_60_frame_19.jpg,0.9156893491744995,61,17.503518901044394,0.9836065573770492
Aphid_60_frame_2.jpg,0.9180859327316284,50,16.354574215039733,0.9259259259259259
Aphid_60_frame_20.jpg,0.9267979264259338,60,17.7045080042035,1.0
Aphid_60_frame_21.jpg,0.9176343083381653,60,17.793357550329606,1.0
Aphid_60_frame_22.jpg,0.9217384457588196,59,17.98180393894047,0.9833333333333333
Aphid_60_frame_23.jpg,0.9171348214149475,59,17.681351365401813,0.9833333333333333
Aphid_60_frame_24.jpg,0.9195665717124939,60,17.829568642866604,0.9836065573770492
Aphid_60_frame_25.jpg,0.928424060344696,58,17.747503167093278,0.9666666666666667
Aphid_60_frame_26.jpg,0.9288501739501953,58,17.652065694466607,0.9830508474576272
Aphid_60_frame_3.jpg,0.9124554395675659,53,17.302242813820786,0.9636363636363636
Aphid_60_frame_4.jpg,0.9340521097183228,59,17.326449890027945,0.9508196721311475
Aphid_60_frame_5.jpg,0.9432963728904724,58,17.671574085564234,1.0
Aphid_60_frame_6.jpg,0.9379307627677917,59,18.056629176636157,1.0
Aphid_60_frame_7.jpg,0.9403578639030457,49,15.68367322159464,0.9423076923076923
Aphid_60_frame_8.jpg,0.9349428415298462,57,17.82952747035457,0.9827586206896551
Aphid_60_frame_9.jpg,0.929206907749176,60,16.8661917042397,0.9836065573770492
Aphid_70_frame_1.jpg,0.9212378859519958,66,17.617604318005927,0.9565217391304348
Aphid_70_frame_10.jpg,0.9265970587730408,66,17.742156507347204,0.9565217391304348
Aphid_70_frame_11.jpg,0.9215524792671204,71,17.41889950381207,1.0
Aphid_70_frame_12.jpg,0.9296396970748901,68,17.480875308269795,0.9714285714285714
Aphid_70_frame_13.jpg,0.9313439130783081,68,17.3251522825001,0.9714285714285714
Aphid_70_frame_14.jpg,0.9296441078186035,67,17.615413135113474,0.9428571428571428
Aphid_70_frame_15.jpg,0.9307841658592224,65,17.61409835340373,0.9420289855072463
Aphid_70_frame_16.jpg,0.9216212630271912,70,17.628626317733328,0.9859154929577465
Aphid_70_frame_17.jpg,0.9217041730880737,67,18.50037724896537,0.9710144927536232
Aphid_70_frame_18.jpg,0.9181084632873535,69,18.157554961854363,0.971830985915493
Aphid_70_frame_19.jpg,0.9230223298072815,68,17.943451860446526,0.9577464788732394
Aphid_70_frame_2.jpg,0.913560152053833,64,18.277696394514297,0.9696969696969697
Aphid_70_frame_20.jpg,0.9114968776702881,67,17.614877102649444,0.9710144927536232
Aphid_70_frame_21.jpg,0.9193572998046875,68,18.292480267785542,0.9714285714285714
Aphid_70_frame_22.jpg,0.9220603704452515,69,18.238889736662202,0.9857142857142858
Aphid_70_frame_23.jpg,0.9171085953712463,70,18.340058697884743,0.9859154929577465
Aphid_70_frame_24.jpg,0.9231199622154236,68,18.235152862623778,0.9577464788732394
Aphid_70_frame_25.jpg,0.9116948843002319,70,18.112208700552344,0.9859154929577465
Aphid_70_frame_26.jpg,0.9211660027503967,68,18.09489833855122,0.9577464788732394
Aphid_70_frame_3.jpg,0.9183434844017029,66,18.23120120963416,0.9558823529411765
Aphid_70_frame_4.jpg,0.9275183081626892,69,18.531935071620854,0.9305555555555556
Aphid_70_frame_5.jpg,0.9346539378166199,67,18.193818809444906,1.0
Aphid_70_frame_6.jpg,0.9328031539916992,64,17.568405223875935,0.9846153846153847
Aphid_70_frame_7.jpg,0.9400746822357178,57,15.971991655825573,0.95
Aphid_70_frame_8.jpg,0.9391481876373291,66,17.0647741616034,0.9705882352941176
Aphid_70_frame_9.jpg,0.9371298551559448,66,17.44691176448768,0.9565217391304348
Aphid_80_frame_1.jpg,0.907997727394104,78,18.71220944918121,0.9873417721518988
Aphid_80_frame_10.jpg,0.9204571843147278,79,19.39444193788999,0.9753086419753086
Aphid_80_frame_11.jpg,0.9146878719329834,79,18.860129060912502,0.9629629629629629
Aphid_80_frame_12.jpg,0.9269421100616455,78,19.16707605760336,0.9629629629629629
Aphid_80_frame_13.jpg,0.9162725210189819,79,19.02433181179502,0.9512195121951219
Aphid_80_frame_14.jpg,0.9082897305488586,78,19.11118766425331,0.9873417721518988
Aphid_80_frame_15.jpg,0.9105488061904907,77,18.550780309949698,0.9746835443037974
Aphid_80_frame_16.jpg,0.9125205874443054,79,18.675996014792595,0.9753086419753086
Aphid_80_frame_17.jpg,0.9086728096008301,79,18.877342747247507,0.9753086419753086
Aphid_80_frame_18.jpg,0.9161933660507202,79,19.499241177971047,0.9753086419753086
Aphid_80_frame_19.jpg,0.9107939600944519,77,19.481710312599564,0.9625
Aphid_80_frame_2.jpg,0.9100590944290161,76,19.082830080788924,0.9620253164556962
Aphid_80_frame_20.jpg,0.9043868780136108,74,19.274129443522835,0.9367088607594937
Aphid_80_frame_21.jpg,0.899609386920929,80,19.590534391910023,0.9876543209876543
Aphid_80_frame_22.jpg,0.8961700797080994,80,19.477227590241952,0.9876543209876543
Aphid_80_frame_23.jpg,0.9082325100898743,80,19.531499476818254,0.9876543209876543
Aphid_80_frame_24.jpg,0.910828173160553,74,19.50675112450267,0.9367088607594937
Aphid_80_frame_25.jpg,0.9006014466285706,77,19.04318234451037,0.9382716049382716
Aphid_80_frame_26.jpg,0.9155821204185486,77,20.14344624656123,0.9625
Aphid_80_frame_3.jpg,0.9222010374069214,78,19.45789236686878,0.9390243902439024
Aphid_80_frame_4.jpg,0.9270164966583252,77,19.643904767191025,0.9746835443037974
Aphid_80_frame_5.jpg,0.9319220781326294,67,17.753216181677207,0.9436619718309859
Aphid_80_frame_6.jpg,0.9358499646186829,79,19.796152644374327,0.9875
Aphid_80_frame_7.jpg,0.9281760454177856,60,17.265703630941168,0.967741935483871
Aphid_80_frame_8.jpg,0.9274683594703674,78,19.13378693884819,0.9873417721518988
Aphid_80_frame_9.jpg,0.9281726479530334,81,18.102291501920355,1.0
